#ifndef F_MASTER_VOLUME
#define K_VOLUME               0
#define K_QUAK                 4
#define K_DISTORT              8
#define K_NOISE               12
#define K_DETUNE              16
#define K_FREQ                20
#define K_SHAPE               24
#define K_ADSR_SPEED          28
#define K_DELAY_FEED          31
#define K_DELAY_LENGTH        32
#define F_MASTER_VOLUME       33
#define K_MASTER_PANNING      34
#endif

#pragma data_seg(".instrumentParams")
unsigned char instrumentParams_1676193728[] = {
  128, 120, 90, 0,  69, 50, 13, 0,  110, 10, 13, 128,  0, 0, 0, 0,  0, 0, 0, 0,  32, 32, 32, 32,  108, 80, 2, 3,  128, 52, 12,  0,  0,  60,  64
};

#define NUM_NOTES_1676193728 1235

#pragma data_seg(".savedNoteTime")
unsigned short savedNoteTime_1676193728[] = {
  825, 1, 1, 1, 1, 1, 1, 1, 1, 1, 1, 1, 1, 1, 1, 1, 1, 1, 1, 1, 1, 1, 1, 1, 1, 1, 1, 1, 1, 1, 1, 1,
  1, 1, 1, 1, 1, 1, 1, 1, 1, 1, 1, 1, 1, 1, 1, 1, 1, 1, 1, 1, 1, 1, 1, 1, 1, 1, 1, 1, 1, 1, 1, 1,
  1, 1, 1, 1, 1, 1, 1, 1, 1, 1, 1, 1, 1, 1, 1, 1, 1, 1, 1, 1, 1, 1, 1, 1, 1, 1, 1, 1, 1, 1, 1, 1,
  1, 1, 1, 1, 1, 1, 1, 1, 1, 1, 1, 1, 1, 1, 1, 1, 1, 1, 1, 1, 1, 1, 1, 1, 1, 1, 1, 1, 1, 1, 1, 1,
  1, 1, 1, 1, 1, 1, 1, 1, 1, 1, 1, 1, 1, 1, 1, 1, 1, 1, 1, 1, 1, 1, 1, 1, 1, 1, 1, 1, 1, 1, 1, 1,
  1, 1, 1, 1, 1, 1, 1, 1, 1, 1, 1, 1, 1, 1, 1, 1, 1, 1, 1, 1, 1, 1, 1, 1, 1, 1, 1, 1, 1, 1, 1, 1,
  1, 1, 1, 1, 1, 1, 1, 1, 1, 1, 1, 1, 1, 1, 1, 1, 1, 1, 1, 1, 1, 1, 1, 1, 1, 1, 1, 1, 1, 1, 1, 1,
  1, 1, 1, 1, 1, 1, 1, 1, 1, 1, 1, 1, 1, 1, 1, 1, 1, 1, 1, 1, 1, 1, 1, 1, 1, 1, 1, 1, 1, 1, 1, 1,
  1, 1, 1, 1, 1, 1, 1, 1, 1, 1, 1, 1, 1, 1, 1, 1, 1, 1, 1, 1, 1, 1, 1, 1, 1, 1, 1, 1, 1, 1, 1, 1,
  1, 1, 1, 1, 1, 1, 1, 1, 1, 1, 1, 1, 1, 1, 1, 1, 1, 1, 1, 1, 1, 1, 1, 1, 1, 1, 1, 1, 1, 1, 1, 1,
  1, 1, 1, 1, 1, 1, 1, 1, 1, 1, 1, 1, 1, 1, 1, 1, 1, 1, 1, 1, 1, 1, 1, 1, 1, 1, 1, 1, 1, 1, 1, 1,
  1, 1, 1, 1, 1, 1, 1, 1, 1, 1, 1, 1, 1, 1, 1, 1, 1, 1, 1, 1, 1, 1, 1, 1, 1, 1, 1, 1, 1, 1, 1, 1,
  1, 1, 1, 1, 1, 1, 1, 1, 1, 1, 1, 1, 1, 1, 1, 1, 1, 1, 1, 1, 1, 1, 1, 1, 1, 1, 1, 1, 1, 1, 1, 1,
  1, 1, 1, 1, 1, 1, 1, 1, 1, 1, 1, 1, 1, 1, 1, 1, 1, 1, 1, 1, 1, 1, 1, 1, 1, 1, 1, 1, 1, 1, 1, 1,
  1, 1, 1, 1, 1, 1, 1, 1, 1, 1, 1, 1, 1, 1, 1, 1, 1, 1, 1, 1, 1, 1, 1, 1, 1, 1, 1, 1, 1, 1, 1, 1,
  1, 1, 1, 1, 1, 1, 1, 1, 1, 1, 1, 1, 1, 1, 1, 1, 17, 1, 1, 1, 1, 1, 1, 1, 1, 1, 1, 1, 1, 1, 1, 1,
  1, 1, 1, 1, 1, 1, 1, 1, 1, 1, 1, 1, 1, 1, 1, 1, 1, 1, 1, 1, 1, 1, 1, 1, 1, 1, 1, 1, 1, 1, 1, 1,
  1, 1, 1, 1, 1, 1, 1, 1, 1, 1, 1, 1, 1, 1, 1, 1, 1, 1, 1, 1, 1, 1, 1, 1, 1, 1, 1, 1, 1, 1, 1, 1,
  1, 1, 1, 1, 1, 1, 1, 1, 1, 1, 1, 1, 1, 1, 1, 1, 1, 1, 1, 1, 1, 1, 1, 1, 1, 1, 1, 1, 1, 1, 1, 1,
  1, 1, 1, 1, 1, 1, 1, 1, 1, 1, 1, 1, 1, 1, 1, 1, 1, 1, 1, 1, 1, 1, 1, 1, 1, 1, 1, 1, 1, 1, 1, 1,
  1, 1, 1, 1, 1, 1, 1, 1, 1, 1, 1, 1, 1, 1, 1, 1, 1, 1, 1, 1, 1, 1, 1, 1, 1, 1, 1, 1, 1, 1, 1, 1,
  1, 1, 1, 1, 1, 1, 1, 1, 1, 1, 1, 1, 1, 1, 1, 1, 1, 1, 1, 1, 1, 1, 1, 1, 1, 1, 1, 1, 1, 1, 1, 1,
  1, 1, 1, 1, 1, 1, 1, 1, 1, 1, 1, 1, 1, 1, 1, 1, 1, 1, 1, 1, 1, 1, 1, 1, 1, 1, 1, 1, 1, 1, 1, 1,
  1, 1, 1, 1, 1, 1, 1, 1, 1, 1, 1, 1, 1, 1, 1, 1, 1, 1, 1, 1, 1, 1, 1, 1, 1, 1, 1, 1, 1, 1, 1, 1,
  1, 1, 1, 1, 1, 1, 1, 1, 1, 1, 1, 1, 1, 1, 1, 1, 1, 1, 1, 1, 1, 1, 1, 1, 1, 1, 1, 1, 1, 1, 1, 1,
  1, 1, 1, 1, 1, 1, 1, 1, 1, 1, 1, 1, 1, 1, 1, 1, 1, 1, 1, 1, 1, 1, 1, 1, 1, 1, 1, 1, 1, 1, 1, 1,
  1, 1, 1, 1, 1, 1, 1, 1, 1, 1, 1, 1, 1, 1, 1, 1, 1, 1, 1, 1, 1, 1, 1, 1, 1, 1, 1, 1, 1, 1, 1, 1,
  1, 1, 1, 1, 1, 1, 1, 1, 1, 1, 1, 1, 1, 1, 1, 1, 1, 1, 1, 1, 1, 1, 1, 1, 1, 1, 1, 1, 1, 1, 1, 1,
  1, 1, 1, 1, 1, 1, 1, 1, 1, 1, 1, 1, 1, 1, 1, 1, 1, 1, 1, 1, 1, 1, 1, 1, 1, 1, 1, 1, 1, 1, 1, 1,
  1, 1, 1, 1, 1, 1, 1, 1, 1, 1, 1, 1, 1, 1, 1, 1, 1, 1, 1, 1, 1, 1, 1, 1, 1, 1, 1, 1, 1, 1, 1, 1,
  1, 1, 1, 1, 1, 1, 1, 1, 1, 1, 1, 1, 1, 1, 1, 1, 1, 1, 1, 1, 1, 1, 1, 1, 1, 1, 1, 1, 1, 1, 1, 1,
  1, 1, 1, 1, 1, 1, 1, 1, 1, 1, 1, 1, 1, 1, 1, 1, 1, 1, 1, 1, 1, 1, 1, 1, 1, 1, 1, 1, 1, 1, 1, 1,
  1, 1, 1, 1, 1, 1, 1, 1, 1, 1, 1, 1, 1, 1, 1, 1, 1, 1, 1, 1, 1, 1, 1, 1, 1, 1, 1, 1, 1, 1, 1, 1,
  1, 1, 1, 1, 1, 1, 1, 1, 1, 1, 1, 1, 1, 1, 1, 1, 1, 1, 1, 1, 1, 1, 1, 1, 1, 1, 1, 1, 1, 1, 1, 1,
  1, 1, 1, 1, 1, 1, 1, 1, 1, 1, 1, 1, 1, 1, 1, 1, 1, 1, 1, 1, 1, 1, 1, 1, 1, 1, 1, 1, 1, 1, 1, 1,
  1, 1, 1, 1, 1, 1, 1, 1, 1, 1, 1, 1, 1, 1, 1, 1, 1, 1, 1, 1, 1, 1, 1, 1, 1, 1, 1, 1, 1, 1, 1, 1,
  1, 1, 1, 1, 1, 1, 1, 1, 1, 1, 1, 1, 1, 1, 1, 1, 1, 1, 1, 1, 1, 1, 1, 1, 1, 1, 1, 1, 1, 1, 1, 1,
  1, 1, 1, 1, 1, 1, 1, 1, 1, 1, 1, 1, 1, 1, 1, 1, 1, 1, 1, 1, 1, 1, 1, 1, 1, 1, 1, 1, 1, 1, 1, 1,
  1, 1, 1, 1, 1, 1, 1, 1, 1, 1, 1, 1, 1, 1, 1, 1, 1, 1, 579, 255};

#pragma data_seg(".savedNote")
signed char savedNote_1676193728[] = {
  33, -128, 0, -128, 0, -128, 0, -128, 0, -128, 0, -128, 0, -128, 0, -128, 0, -128, 0, -128, 0, -128, 0, -128, 0, -128, 0, -128, 0, -128, 0, -128,
  0, -128, 0, -128, 0, -128, 0, -128, 0, -128, 0, -128, 0, -128, 0, -128, 0, -128, 0, -128, 0, -128, 0, -128, 0, -128, 0, -128, 0, -128, 0, -128,
  0, -128, 0, -128, 0, -128, 0, -128, 0, -128, 0, -128, 0, -128, 0, -128, 0, -128, 0, -128, 0, -128, 0, -128, 0, -128, 0, -128, 0, -128, 0, -128,
  0, -128, 0, -128, 0, -128, 0, -128, 0, -128, 0, -128, 0, -128, 0, -128, 0, -128, 0, -128, 0, -128, 0, -128, 0, -128, 0, -128, 0, -128, 0, -128,
  0, -128, 0, -128, 0, -128, 0, -128, 0, -128, 0, -128, 0, -128, 0, -128, 0, -128, 0, -128, 0, -128, 0, -128, 0, -128, 0, -128, 0, -128, 0, -128,
  0, -128, 0, -128, 0, -128, 0, -128, 0, -128, 0, -128, 0, -128, 0, -128, 0, -128, 0, -128, 0, -128, 0, -128, 0, -128, 0, -128, 0, -128, 0, -128,
  0, -128, 0, -128, 0, -128, 0, -128, 0, -128, 0, -128, 0, -128, 0, -128, 0, -128, 0, -128, 0, -128, 0, -128, 0, -128, 0, -128, 0, -128, 0, -128,
  0, -128, 0, -128, 0, -128, 0, -128, 0, -128, 0, -128, 0, -128, 0, -128, 0, -128, 0, -128, 0, -128, 0, -128, 0, -128, 0, -128, 0, -128, 0, -128,
  0, -128, 0, -128, 0, -128, 0, -128, 0, -128, 0, -128, 0, -128, 0, -128, 0, -128, 0, -128, 0, -128, 0, -128, 0, -128, 0, -128, 0, -128, 0, -128,
  0, -128, 0, -128, 0, -128, 0, -128, 0, -128, 0, -128, 0, -128, 0, -128, 0, -128, 0, -128, 0, -128, 0, -128, 0, -128, 0, -128, 0, -128, 0, -128,
  0, -128, 0, -128, 0, -128, 0, -128, 0, -128, 0, -128, 0, -128, 0, -128, 0, -128, 0, -128, 0, -128, 0, -128, 0, -128, 0, -128, 0, -128, 0, -128,
  0, -128, 0, -128, 0, -128, 0, -128, 0, -128, 0, -128, 0, -128, 0, -128, 0, -128, 0, -128, 0, -128, 0, -128, 0, -128, 0, -128, 0, -128, 0, -128,
  0, -128, 0, -128, 0, -128, 0, -128, 0, -128, 0, -128, 0, -128, 0, -128, 0, -128, 0, -128, 0, -128, 0, -128, 0, -128, 0, -128, 0, -128, 0, -128,
  0, -128, 0, -128, 0, -128, 0, -128, 0, -128, 0, -128, 0, -128, 0, -128, 0, -128, 0, -128, 0, -128, 0, -128, 0, -128, 0, -128, 0, -128, 0, -128,
  0, -128, 0, -128, 0, -128, 0, -128, 0, -128, 0, -128, 0, -128, 0, -128, 0, -128, 0, -128, 0, -128, 0, -128, 0, -128, 0, -128, 0, -128, 0, -128,
  0, -128, 0, -128, 0, -128, 0, -128, 0, -128, 0, -128, 0, -128, 0, -128, -5, -128, 0, -128, 0, -128, 0, -128, 0, -128, 0, -128, 0, -128, 0, -128,
  0, -128, 0, -128, 0, -128, 0, -128, 0, -128, 0, -128, 0, -128, 0, -128, 0, -128, 0, -128, 0, -128, 0, -128, 0, -128, 0, -128, 0, -128, 0, -128,
  0, -128, 0, -128, 0, -128, 0, -128, 0, -128, 0, -128, 0, -128, 0, -128, 0, -128, 0, -128, 0, -128, 0, -128, 0, -128, 0, -128, 0, -128, 0, -128,
  0, -128, 0, -128, 0, -128, 0, -128, 0, -128, 0, -128, 0, -128, 0, -128, 0, -128, 0, -128, 0, -128, 0, -128, 0, -128, 0, -128, 0, -128, 0, -128,
  0, -128, 0, -128, 0, -128, 0, -128, 0, -128, 0, -128, 0, -128, 0, -128, 5, -128, 0, -128, 0, -128, 0, -128, 0, -128, 0, -128, 0, -128, 0, -128,
  0, -128, 0, -128, 0, -128, 0, -128, 0, -128, 0, -128, 0, -128, 0, -128, 0, -128, 0, -128, 0, -128, 0, -128, 0, -128, 0, -128, 0, -128, 0, -128,
  0, -128, 0, -128, 0, -128, 0, -128, 0, -128, 0, -128, 0, -128, 0, -128, 0, -128, 0, -128, 0, -128, 0, -128, 0, -128, 0, -128, 0, -128, 0, -128,
  0, -128, 0, -128, 0, -128, 0, -128, 0, -128, 0, -128, 0, -128, 0, -128, 0, -128, 0, -128, 0, -128, 0, -128, 0, -128, 0, -128, 0, -128, 0, -128,
  0, -128, 0, -128, 0, -128, 0, -128, 0, -128, 0, -128, 0, -128, 0, -128, 0, -128, 0, -128, 0, -128, 0, -128, 0, -128, 0, -128, 0, -128, 0, -128,
  0, -128, 0, -128, 0, -128, 0, -128, 0, -128, 0, -128, 0, -128, 0, -128, 0, -128, 0, -128, 0, -128, 0, -128, 0, -128, 0, -128, 0, -128, 0, -128,
  0, -128, 0, -128, 0, -128, 0, -128, 0, -128, 0, -128, 0, -128, 0, -128, -2, -128, 0, -128, 0, -128, 0, -128, 0, -128, 0, -128, 0, -128, 0, -128,
  0, -128, 0, -128, 0, -128, 0, -128, 0, -128, 0, -128, 0, -128, 0, -128, 0, -128, 0, -128, 0, -128, 0, -128, 0, -128, 0, -128, 0, -128, 0, -128,
  0, -128, 0, -128, 0, -128, 0, -128, 0, -128, 0, -128, 0, -128, 0, -128, -2, -128, 0, -128, 0, -128, 0, -128, 0, -128, 0, -128, 0, -128, 0, -128,
  0, -128, 0, -128, 0, -128, 0, -128, 0, -128, 0, -128, 0, -128, 0, -128, 0, -128, 0, -128, 0, -128, 0, -128, 0, -128, 0, -128, 0, -128, 0, -128,
  0, -128, 0, -128, 0, -128, 0, -128, 0, -128, 0, -128, 0, -128, 0, -128, -1, -128, 0, -128, 0, -128, 0, -128, 0, -128, 0, -128, 0, -128, 0, -128,
  0, -128, 0, -128, 0, -128, 0, -128, 0, -128, 0, -128, 0, -128, 0, -128, 0, -128, 0, -128, 0, -128, 0, -128, 0, -128, 0, -128, 0, -128, 0, -128,
  0, -128, 0, -128, 0, -128, 0, -128, 0, -128, 0, -128, 0, -128, 0, -128, 5, -128, 0, -128, 0, -128, 0, -128, 0, -128, 0, -128, 0, -128, 0, -128,
  0, -128, 0, -128, 0, -128, 0, -128, 0, -128, 0, -128, 0, -128, 0, -128, 0, -128, 0, -128, 0, -128, 0, -128, 0, -128, 0, -128, 0, -128, 0, -128,
  0, -128, 0, -128, 0, -128, 0, -128, 0, -128, 0, -128, 0, -128, 0, -128, -2, -128, 0, -128, 0, -128, 0, -128, 0, -128, 0, -128, 0, -128, 0, -128,
  0, -128, 0, -128, 0, -128, 0, -128, 0, -128, 0, -128, 0, -128, 0, -128, 0, -128, 0, -128, 0, -128, 0, -128, 0, -128, 0, -128, 0, -128, 0, -128,
  0, -128, 0, -128, 0, -128, 0, -128, 0, -128, 0, -128, 0, -128, 0, -128, -2, -128, 0, -128, 0, -128, 0, -128, 0, -128, 0, -128, 0, -128, 0, -128,
  0, -128, 0, -128, 0, -128, 0, -128, 0, -128, 0, -128, 0, -128, 0, -128, 0, -128, 0, -128, 0, -128, 0, -128, 0, -128, 0, -128, 0, -128, 0, -128,
  0, -128, 0, -128, 0, -128, 0, -128, 0, -128, 0, -128, 0, -128, 0, -128, -1, -128, 0, -128, 0, -128, 0, -128, 0, -128, 0, -128, 0, -128, 0, -128,
  0, -128, 0, -128, 0, -128, 0, -128, 0, -128, 0, -128, 0, -128, 0, -128, 0, -128, -128,};

#pragma data_seg(".savedVelocity")
signed char savedVelocity_1676193728[] = {
 127, 0, 0, 0, 0, 0, 0, 0, 0, 0, 0, 0, 0, 0, 0, 0, 0, 0, 0, 0, 0, 0, 0, 0, 0, 0, 0, 0, 0, 0, 0, 0,
 0, 0, 0, 0, 0, 0, 0, 0, 0, 0, 0, 0, 0, 0, 0, 0, 0, 0, 0, 0, 0, 0, 0, 0, 0, 0, 0, 0, 0, 0, 0, 0,
 0, 0, 0, 0, 0, 0, 0, 0, 0, 0, 0, 0, 0, 0, 0, 0, 0, 0, 0, 0, 0, 0, 0, 0, 0, 0, 0, 0, 0, 0, 0, 0,
 0, 0, 0, 0, 0, 0, 0, 0, 0, 0, 0, 0, 0, 0, 0, 0, 0, 0, 0, 0, 0, 0, 0, 0, 0, 0, 0, 0, 0, 0, 0, 0,
 0, 0, 0, 0, 0, 0, 0, 0, 0, 0, 0, 0, 0, 0, 0, 0, 0, 0, 0, 0, 0, 0, 0, 0, 0, 0, 0, 0, 0, 0, 0, 0,
 0, 0, 0, 0, 0, 0, 0, 0, 0, 0, 0, 0, 0, 0, 0, 0, 0, 0, 0, 0, 0, 0, 0, 0, 0, 0, 0, 0, 0, 0, 0, 0,
 0, 0, 0, 0, 0, 0, 0, 0, 0, 0, 0, 0, 0, 0, 0, 0, 0, 0, 0, 0, 0, 0, 0, 0, 0, 0, 0, 0, 0, 0, 0, 0,
 0, 0, 0, 0, 0, 0, 0, 0, 0, 0, 0, 0, 0, 0, 0, 0, 0, 0, 0, 0, 0, 0, 0, 0, 0, 0, 0, 0, 0, 0, 0, 0,
 0, 0, 0, 0, 0, 0, 0, 0, 0, 0, 0, 0, 0, 0, 0, 0, 0, 0, 0, 0, 0, 0, 0, 0, 0, 0, 0, 0, 0, 0, 0, 0,
 0, 0, 0, 0, 0, 0, 0, 0, 0, 0, 0, 0, 0, 0, 0, 0, 0, 0, 0, 0, 0, 0, 0, 0, 0, 0, 0, 0, 0, 0, 0, 0,
 0, 0, 0, 0, 0, 0, 0, 0, 0, 0, 0, 0, 0, 0, 0, 0, 0, 0, 0, 0, 0, 0, 0, 0, 0, 0, 0, 0, 0, 0, 0, 0,
 0, 0, 0, 0, 0, 0, 0, 0, 0, 0, 0, 0, 0, 0, 0, 0, 0, 0, 0, 0, 0, 0, 0, 0, 0, 0, 0, 0, 0, 0, 0, 0,
 0, 0, 0, 0, 0, 0, 0, 0, 0, 0, 0, 0, 0, 0, 0, 0, 0, 0, 0, 0, 0, 0, 0, 0, 0, 0, 0, 0, 0, 0, 0, 0,
 0, 0, 0, 0, 0, 0, 0, 0, 0, 0, 0, 0, 0, 0, 0, 0, 0, 0, 0, 0, 0, 0, 0, 0, 0, 0, 0, 0, 0, 0, 0, 0,
 0, 0, 0, 0, 0, 0, 0, 0, 0, 0, 0, 0, 0, 0, 0, 0, 0, 0, 0, 0, 0, 0, 0, 0, 0, 0, 0, 0, 0, 0, 0, 0,
 0, 0, 0, 0, 0, 0, 0, 0, 0, 0, 0, 0, 0, 0, 0, 0, 0, 0, 0, 0, 0, 0, 0, 0, 0, 0, 0, 0, 0, 0, 0, 0,
 0, 0, 0, 0, 0, 0, 0, 0, 0, 0, 0, 0, 0, 0, 0, 0, 0, 0, 0, 0, 0, 0, 0, 0, 0, 0, 0, 0, 0, 0, 0, 0,
 0, 0, 0, 0, 0, 0, 0, 0, 0, 0, 0, 0, 0, 0, 0, 0, 0, 0, 0, 0, 0, 0, 0, 0, 0, 0, 0, 0, 0, 0, 0, 0,
 0, 0, 0, 0, 0, 0, 0, 0, 0, 0, 0, 0, 0, 0, 0, 0, 0, 0, 0, 0, 0, 0, 0, 0, 0, 0, 0, 0, 0, 0, 0, 0,
 0, 0, 0, 0, 0, 0, 0, 0, 0, 0, 0, 0, 0, 0, 0, 0, 0, 0, 0, 0, 0, 0, 0, 0, 0, 0, 0, 0, 0, 0, 0, 0,
 0, 0, 0, 0, 0, 0, 0, 0, 0, 0, 0, 0, 0, 0, 0, 0, 0, 0, 0, 0, 0, 0, 0, 0, 0, 0, 0, 0, 0, 0, 0, 0,
 0, 0, 0, 0, 0, 0, 0, 0, 0, 0, 0, 0, 0, 0, 0, 0, 0, 0, 0, 0, 0, 0, 0, 0, 0, 0, 0, 0, 0, 0, 0, 0,
 0, 0, 0, 0, 0, 0, 0, 0, 0, 0, 0, 0, 0, 0, 0, 0, 0, 0, 0, 0, 0, 0, 0, 0, 0, 0, 0, 0, 0, 0, 0, 0,
 0, 0, 0, 0, 0, 0, 0, 0, 0, 0, 0, 0, 0, 0, 0, 0, 0, 0, 0, 0, 0, 0, 0, 0, 0, 0, 0, 0, 0, 0, 0, 0,
 0, 0, 0, 0, 0, 0, 0, 0, 0, 0, 0, 0, 0, 0, 0, 0, 0, 0, 0, 0, 0, 0, 0, 0, 0, 0, 0, 0, 0, 0, 0, 0,
 0, 0, 0, 0, 0, 0, 0, 0, 0, 0, 0, 0, 0, 0, 0, 0, 0, 0, 0, 0, 0, 0, 0, 0, 0, 0, 0, 0, 0, 0, 0, 0,
 0, 0, 0, 0, 0, 0, 0, 0, 0, 0, 0, 0, 0, 0, 0, 0, 0, 0, 0, 0, 0, 0, 0, 0, 0, 0, 0, 0, 0, 0, 0, 0,
 0, 0, 0, 0, 0, 0, 0, 0, 0, 0, 0, 0, 0, 0, 0, 0, 0, 0, 0, 0, 0, 0, 0, 0, 0, 0, 0, 0, 0, 0, 0, 0,
 0, 0, 0, 0, 0, 0, 0, 0, 0, 0, 0, 0, 0, 0, 0, 0, 0, 0, 0, 0, 0, 0, 0, 0, 0, 0, 0, 0, 0, 0, 0, 0,
 0, 0, 0, 0, 0, 0, 0, 0, 0, 0, 0, 0, 0, 0, 0, 0, 0, 0, 0, 0, 0, 0, 0, 0, 0, 0, 0, 0, 0, 0, 0, 0,
 0, 0, 0, 0, 0, 0, 0, 0, 0, 0, 0, 0, 0, 0, 0, 0, 0, 0, 0, 0, 0, 0, 0, 0, 0, 0, 0, 0, 0, 0, 0, 0,
 0, 0, 0, 0, 0, 0, 0, 0, 0, 0, 0, 0, 0, 0, 0, 0, 0, 0, 0, 0, 0, 0, 0, 0, 0, 0, 0, 0, 0, 0, 0, 0,
 0, 0, 0, 0, 0, 0, 0, 0, 0, 0, 0, 0, 0, 0, 0, 0, 0, 0, 0, 0, 0, 0, 0, 0, 0, 0, 0, 0, 0, 0, 0, 0,
 0, 0, 0, 0, 0, 0, 0, 0, 0, 0, 0, 0, 0, 0, 0, 0, 0, 0, 0, 0, 0, 0, 0, 0, 0, 0, 0, 0, 0, 0, 0, 0,
 0, 0, 0, 0, 0, 0, 0, 0, 0, 0, 0, 0, 0, 0, 0, 0, 0, 0, 0, 0, 0, 0, 0, 0, 0, 0, 0, 0, 0, 0, 0, 0,
 0, 0, 0, 0, 0, 0, 0, 0, 0, 0, 0, 0, 0, 0, 0, 0, 0, 0, 0, 0, 0, 0, 0, 0, 0, 0, 0, 0, 0, 0, 0, 0,
 0, 0, 0, 0, 0, 0, 0, 0, 0, 0, 0, 0, 0, 0, 0, 0, 0, 0, 0, 0, 0, 0, 0, 0, 0, 0, 0, 0, 0, 0, 0, 0,
 0, 0, 0, 0, 0, 0, 0, 0, 0, 0, 0, 0, 0, 0, 0, 0, 0, 0, 0, 0, 0, 0, 0, 0, 0, 0, 0, 0, 0, 0, 0, 0,
 0, 0, 0, 0, 0, 0, 0, 0, 0, 0, 0, 0, 0, 0, 0, 0, 0, 0, 0,};

