#ifndef F_MASTER_VOLUME
#define K_VOLUME               0
#define K_QUAK                 4
#define K_DISTORT              8
#define K_NOISE               12
#define K_DETUNE              16
#define K_FREQ                20
#define K_SHAPE               24
#define K_ADSR_SPEED          28
#define K_DELAY_FEED          31
#define K_DELAY_LENGTH        32
#define F_MASTER_VOLUME       33
#define K_MASTER_PANNING      34
#endif

#pragma data_seg(".instrumentParams")
unsigned char instrumentParams_502833216[] = {
  56, 128, 27, 0,  12, 32, 22, 0,  83, 79, 22, 0,  0, 0, 0, 0,  1, 1, 0, 0,  32, 32, 32, 32,  13, 48, 10, 3,  59, 50, 18,  82,  80,  42,  91
};

#define NUM_NOTES_502833216 277

#pragma data_seg(".savedNoteTime")
unsigned short savedNoteTime_502833216[] = {
  0, 9, 9, 9, 9, 6, 6, 9, 9, 9, 9, 6, 6, 9, 9, 9, 9, 6, 6, 9, 9, 9, 9, 6, 6, 9, 9, 9, 9, 6, 6, 9,
  9, 9, 9, 6, 6, 9, 9, 9, 9, 6, 6, 9, 9, 9, 9, 6, 6, 9, 9, 9, 9, 6, 6, 9, 9, 9, 9, 6, 6, 9, 9, 9,
  9, 6, 6, 9, 9, 9, 9, 6, 6, 9, 9, 9, 9, 6, 6, 9, 9, 9, 9, 6, 6, 9, 9, 9, 9, 6, 6, 41, 832, 6, 6, 6,
  6, 4, 4, 6, 6, 6, 6, 4, 4, 6, 6, 6, 6, 4, 4, 6, 6, 6, 6, 4, 4, 6, 6, 6, 6, 4, 4, 6, 6, 6, 6, 4,
  4, 6, 6, 6, 6, 4, 4, 6, 6, 6, 6, 4, 4, 6, 6, 6, 6, 4, 4, 6, 6, 6, 6, 4, 4, 6, 6, 6, 6, 4, 4, 6,
  6, 6, 6, 4, 4, 6, 6, 6, 6, 4, 4, 6, 6, 6, 6, 4, 4, 6, 6, 6, 6, 4, 4, 1, 31, 6, 6, 6, 6, 4, 4, 6,
  6, 6, 6, 4, 4, 6, 6, 6, 6, 4, 4, 6, 6, 6, 6, 4, 4, 6, 6, 6, 6, 4, 4, 6, 6, 6, 6, 4, 4, 6, 6, 6,
  6, 4, 4, 6, 6, 6, 6, 4, 4, 6, 6, 6, 6, 4, 4, 6, 6, 6, 6, 4, 4, 6, 6, 6, 6, 4, 4, 6, 6, 6, 6, 4,
  4, 6, 6, 6, 6, 4, 4, 6, 6, 6, 6, 4, 4, 6, 6, 6, 6, 4, 4, 24, 44, 255};

#pragma data_seg(".savedNote")
signed char savedNote_502833216[] = {
  81, 3, 4, 0, -4, -3, 0, 3, 4, 0, -4, -3, -2, 4, 5, 0, -5, -4, 0, 4, 5, 0, -5, -4, -2, 4, 5, 0, -5, -4, 0, 4,
  5, 0, -5, -4, -1, 4, 4, 0, -1, 1, -1, -3, -4, 4, 3, 5, -7, 3, 4, 0, -4, -3, 0, 3, 4, 0, -4, -3, -2, 4, 5, 0,
  -5, -4, 0, 4, 5, 0, -5, -4, -2, 4, 5, 0, -5, -4, 0, 4, 5, 0, -5, -4, -1, 4, 4, 0, -1, 1, -1, -128, -2, 3, 4, 0,
  -4, -3, 0, 3, 4, 0, -4, -3, -2, 4, 5, 0, -5, -4, 0, 4, 5, 0, -5, -4, -2, 4, 5, 0, -5, -4, 0, 4, 5, 0, -5, -4,
  -1, 4, 4, 0, -1, 1, -1, -3, -4, 4, 3, 5, -7, 3, 4, 0, -4, -3, 0, 3, 4, 0, -4, -3, -2, 4, 5, 0, -5, -4, 0, 4,
  5, 0, -5, -4, -2, 4, 5, 0, -5, -4, 0, 4, 5, 0, -5, -4, -1, 4, 4, 0, -1, 1, -1, -128, -2, 3, 4, 0, -4, -3, 0, 3,
  4, 0, -4, -3, -2, 4, 5, 0, -5, -4, 0, 4, 5, 0, -5, -4, -2, 4, 5, 0, -5, -4, 0, 4, 5, 0, -5, -4, -1, 4, 4, 0,
  -1, 1, -1, -3, -4, 4, 3, 5, -7, 3, 4, 0, -4, -3, 0, 3, 4, 0, -4, -3, -2, 4, 5, 0, -5, -4, 0, 4, 5, 0, -5, -4,
  -2, 4, 5, 0, -5, -4, 0, 4, 5, 0, -5, -4, -1, 4, 4, 0, -1, 1, -1, -128, -128,};

#pragma data_seg(".savedVelocity")
signed char savedVelocity_502833216[] = {
 127, 0, 0, 0, 0, 0, 0, 0, 0, 0, 0, 0, 0, 0, 0, 0, 0, 0, 0, 0, 0, 0, 0, 0, 0, 0, 0, 0, 0, 0, 0, 0,
 0, 0, 0, 0, 0, 0, 0, 0, 0, 0, 0, 0, 0, 0, 0, 0, 0, 0, 0, 0, 0, 0, 0, 0, 0, 0, 0, 0, 0, 0, 0, 0,
 0, 0, 0, 0, 0, 0, 0, 0, 0, 0, 0, 0, 0, 0, 0, 0, 0, 0, 0, 0, 0, 0, 0, 0, 0, 0, 0, 0, 0, 0, 0, 0,
 0, 0, 0, 0, 0, 0, 0, 0, 0, 0, 0, 0, 0, 0, 0, 0, 0, 0, 0, 0, 0, 0, 0, 0, 0, 0, 0, 0, 0, 0, 0, 0,
 0, 0, 0, 0, 0, 0, 0, 0, 0, 0, 0, 0, 0, 0, 0, 0, 0, 0, 0, 0, 0, 0, 0, 0, 0, 0, 0, 0, 0, 0, 0, 0,
 0, 0, 0, 0, 0, 0, 0, 0, 0, 0, 0, 0, 0, 0, 0, 0, 0, 0, 0, 0, 0, 0, 0, 0, 0, 0, 0, 0, 0, 0, 0, 0,
 0, 0, 0, 0, 0, 0, 0, 0, 0, 0, 0, 0, 0, 0, 0, 0, 0, 0, 0, 0, 0, 0, 0, 0, 0, 0, 0, 0, 0, 0, 0, 0,
 0, 0, 0, 0, 0, 0, 0, 0, 0, 0, 0, 0, 0, 0, 0, 0, 0, 0, 0, 0, 0, 0, 0, 0, 0, 0, 0, 0, 0, 0, 0, 0,
 0, 0, 0, 0, 0, 0, 0, 0, 0, 0, 0, 0, 0, 0, 0, 0, 0, 0, 0, 0, 0,};

