56 128 27 0  12 32 22 0  83 79 22 0  0 0 0 0  32 32 32 32   59 50 18  42  42 
49 39 40 0  128 128 128 128  69 47 128 87  4 0 87 84  128 128 128 128  0 54 54 128  64 
56 128 27 0  12 32 22 0  83 79 22 0  0 0 0 0 32 32 32 32  59 50 18 42  91 
46 45 0 0  128 128 128 128  47 82 128 76  128 128 128 128  128 128 128 128  120 19 35  128  65 
56 128 27 0  12 32 22 0  83 79 22 0  0 0 0 0  32 32 32 32  59 50 18  42  65 
49 109 0 0  104 105 128 128  39 74 128 26  128 0 0 0  128 128 128 128  122 61 57  32  65 
56 128 27 0  12 32 22 0  83 79 22 0  0 0 0 0  32 32 32 32  0 0 128  23  54 
56 128 27 0  12 32 22 0  83 79 22 0  0 0 0 0  32 32 32 32  0 0 128 23  54 
64 109 0 0  96 33 23 90  79 75 23 76  128 128 128 128  128 128 128 128  122 60 60  128  65 
56 128 27 0  12 32 22 0  83 79 22 0  0 0 0 0  32 32 32 32  0 0 128  23  54 
118 100 0 0  0 15 13 0  60 73 13 0  0 0 0 0  69 15 17 13  109 41 40  87  64 
70 80 79 0  0 0 0 0  0 86 0 0  0 0 0 0  32 32 32 32  128 5 9  74  65 
70 80 79 0  0 0 0 0  0 86 0 0  0 0 0 0  32 32 32 32  128 5 5  19  65 
45 45 0 0  128 128 128 128  79 79 128 76  128 128 128 128  128 128 128 128  122 128 128  128  65 
128 120 90 0  69 50 13 0  110 10 13 128  0 0 0 0  32 32 32 32  128 52 12  60  64 
106 0 0 0  82 51 36 42  83 79 36 0  0 0 0 0  32 32 32 32  0 65 128  128  53 
0 128 128 0  0 86 50 70  0 0 50 0  0 0 0 0  36 37 37 0  122 14 20  89  54 
56 128 27 0  12 32 22 0  51 0 22 0  0 0 0 0  32 32 32 32  0 0 128  50  54 
