8,939946	10,811986	さきみー？
12,531207	17,956302	今ね、手も足もあざだらけ。歯も折れた。
19,369884	22,273456	街でケンカしたの。
22,846529	27,010863	でも飲んでて、全然記憶がなくてさー。
27,278298	33,391081	うっすら覚えてるのは、/スケボーで殴り合ったってことくらいかな。
35,702478	39,733095	うん。スケボーで殴り合った。
40,745524	46,390298	いやあ、まさかスケボーで殴り合うとは/思わなかったよ。
46,504913	51,194564	スケボーに乗ったこともないのに。
53,888010	56,734275	お、さきみーは笑ってくれるね。
58,902403	61,433477	奥さんはドン引きしてたよ。
62,417253	68,463178	朝、家帰ったらさ、/『あなた血まみれよ』って。
69,294135	75,722109	でも、あまりのことだったからさ、/仲直りしたよ。
80,239838	82,446171	さきみーは頑張ってる？
86,983003	88,100496	よかった。
88,625814	89,857922	じゃあね。
