9,557702	13,227178	普通の田舎探索になってるね。
14,080544	19,200742	かっこ放射能つき。
21,078147	24,662286	人がいる気配とかねえなあ。
25,515652	29,953157	服買いたいなあ。
37,036097	40,193552	お父さんがなあ。
48,556542	50,689958	過剰に反応すんだよ。
51,031304	54,359433	でも、お父さん、間違いなく/風評被害に一役買ってるよ。
54,999458	56,023497	たとえば？
56,450180	60,589007	福島はダメだ・・・みたいな。
60,951687	63,682460	おお。もう終わりだみたいな。
63,719794	68,253303	人の住める場所じゃないって。/１０００年は無理だとか。
68,519980	69,309344	１０００年。
69,330678	70,413386	そういうこと言ってるから。
79,949754	84,600601	友達少ないから/影響力ないのが唯一の救いだけど。
84,653936	85,507302	そうなんだ。
91,608871	92,654245	バリケード。
98,542473	99,865190	いいけどねえ。
169,713221	170,630590	え、ほんとに？
