3,973471	8,837547	さっき道聞いたおじいちゃん、/何言ってるか全然わかんなかったなー。
14,866262	18,017635	かつらおむら。
20,072879	25,142479	そう、にーぱっぱ、にーぱっぱ言ってた。
30,486113	37,336924	あのおじいちゃんを葛尾原人と呼ぼう。
38,844103	41,241887	葛尾原人。
46,996569	48,914796	ああ、俺、結婚したいなあ。
51,723629	53,778873	山地くん、そうなの？
56,210911	58,437425	うん。りょうたは？
64,877188	68,713643	するする。中場くんは？
70,871648	76,609203	俺は４０くらいになったらする。/２０くらいの女と。
77,790968	78,510303	なんで？
79,760577	82,192615	俺、熟女好きなんだけどさ。
82,295377	83,271618	熟女。
87,998678	88,735140	ヒラリー！
89,296050	91,599636	ヒラリーってヒラリー？
91,693834	93,894658	でも、熟女とはうまくいった/試しがないんすよ。
94,267171	94,892307	ふうん。
96,104045	98,202106	こうね、あしらわれてしまうわけですよ。
101,319225	104,158030	ってか、ヒラリーと結婚する/イメージとかわかないし。
105,138553	107,908850	外人だしね。
109,403183	114,609800	だから、超苦手な若い女とあえて結婚する。
115,898609	116,403856	なんで！？
117,842527	119,833544	俺さ、すげえ男尊女卑だから。
120,116140	123,301768	すげえつまんないバカな女と結婚したい。
123,588645	126,298998	話が全然通じないような。
126,453141	130,105480	で、その生活に苦しみながら作品つくるの。
130,302441	133,265417	ふうん。え、話が通じるのはだめなの。
133,736410	135,286406	うーん。そうだね。
137,273142	140,912636	中場くんはさ、/友達から恋愛になることはないの？
140,964017	141,443574	ないね。
147,849083	149,518968	は？　ちょ、貸して！
155,290777	156,061493	１２。
