0,958132	2,672683	芝居のことはどうしたんだ？
7,513769	8,724040	なんだ？
27,785815	28,491807	ほう。
39,888530	40,594521	そうか。
54,462215	55,622058	ピカソ。
57,891317	60,412716	ピカソの『ゲルニカ』ってあるじゃない。
60,690070	63,337539	あれって、３７日間で描かれてるのね。
63,740963	68,607262	スペインで爆撃があって、そのとき、/ピカソは別の仕事でパリにいたんだけど、
68,645083	72,294808	それは初期衝動だとか、
73,095352	77,986866	もちろん絵画と演劇は違うとかあるけど…
78,175971	82,916201	でも、いずれにせよ、/叩かれるのは間違いない。
87,259310	88,620866	そうなんだよ、
89,301643	91,533081	美咲は受けて立つんだよ。
138,884951	139,319893	うん。
155,204705	155,639647	おお。
165,504619	165,876526	まあ。
173,175975	173,743290	美咲さ、
176,598774	178,634804	もし、今ね、もっとひどいこと…
179,082352	183,148108	ひどい事故が起きるとするじゃない。
185,656900	189,659620	そのときに、俺たちはその、/ほにゃにゃにゃくんたちのような人に
190,642966	194,929344	『ほれ見た』とか。『ざまあみろ』/と言いたいのかな？
198,818602	200,703347	違うよね？ 
203,962255	207,548945	俺たちは目の前にあるもっと大きなものと/戦っているんじゃないの。
209,376959	214,199134	それがさ、/気がつくと後ろに向かって怒ってる。
218,611582	220,811503	美咲はなぜ、これを芝居にするの？
226,320759	226,661148	私は
233,670637	234,105578	は？
