1,154738	3,579687	なんだ、なんだ？
29,330338	31,755287	じゃあ、それはなんだ？
36,374238	38,221818	どうすんだ。この芝居？
75,173425	77,021006	本当にそうなのか？
79,734639	83,256590	美咲は、原発反対と言いたいの？
85,970223	92,205807	原発の何が反対なんだ？どうしたいんだ？
101,010682	101,934472	なんで？
114,261297	118,533827	そうじゃなくて、なんで、/美咲は原発に反対なんだ？
123,037304	128,089281	これは君の芝居だから、/俺の話は良いんだけど、
129,013072	134,065049	神戸の地震のときに、/みんな代わりに死んでんのよ。
134,166089	136,619906	全然、俺だった、/俺たちだったのかもしれないのよ。
137,370486	141,397634	別になーんも悪いことしたとかじゃなくて、
141,845095	147,589915	よくある運みたいなことよ。
148,888995	150,664404	俺だったかもしれないんだ。
151,487154	154,460604	でも、それだけじゃない。/今回の福島はさ。
154,554427	157,881515	原発はさあ、/死にかけの怪獣みたいになってんじゃん、
158,054725	164,138750	ガ－ガ－毎日いろんなもんまき散らして、/どんどん沈んでいってて。
166,419357	170,720755	あれ、人間が作ってんのよ。/自然の驚異とかじゃないのよ。
171,947663	172,755980	どうすんの？
175,310837	180,889664	それなのに、背中向けて、僕は僕のできる/ことを一生懸命やってるから。
181,438164	182,939323	きっと、それで大丈夫。
184,606476	187,688182	ってそれは、ないだろう今回だけは。
188,777966	192,090619	昔の人らは、こういうとき、/みんなで取り囲んで、
192,328784	195,720826	なんとか大仏と言って/拝み倒して静まってもらってたんだ、
196,875564	198,138558	もうそれもできない。
201,905890	206,719703	俺は喋りの人間だけど、/美咲は作家だろ。
207,390894	209,909666	お前はなんで、原発なんだ？
210,977798	215,300848	俺と全然違う理由で全然いいんだ。/しょうもない理由でいいんだ。
216,679316	220,360042	理由を持てば、人は高く飛べる。
225,065598	227,007001	美咲の理由はなんだ？
237,630588	239,341044	あとは君が考えたまえ。
245,222989	245,850877	なんだ？
250,996677	251,552395	は？
