8,624250	9,978056	みさぴー！
11,732991	13,287362	元気だよ！
16,045116	19,003434	みさぴーも元気そうでよかったよ！
21,109356	22,413021	４月！
25,571903	26,775287	それからすぐ。
30,611073	32,491360	それがさ、証券会社。
33,017840	35,650242	いないよね、私らのまわりに。
37,831375	39,486027	ヨットとか乗ってるんだよ。
47,458444	48,711969	全然。
49,514225	54,628605	全然気にしてないよ。/食べ物も普通のもん食べてるし。
57,812558	65,634552	なんだけど、医者に行ったらすごい/ストレスで切迫流産しそうですよって。
72,265698	75,863313	違う。そうじゃなくて。
76,101483	80,526425	出版社にいるとさ、雑誌に載らないような/情報まで集まるわけじゃん。
82,444318	85,540524	その情報のストレス。
88,511377	95,405763	みんなが言ってくんの、あれ食べるなとか/あれするなとかあそこ行くなとか。
95,944779	98,564645	もうそれがほんとにストレス。
100,607891	105,032833	東京で産むのやめろとか。
109,207070	113,042855	だからさ、基本なんも信じないことにした。
126,543316	130,278820	そうそう。だからわりと大変。
130,554595	133,951647	でもさ、ダンナがおおらかだから、大丈夫。
136,308273	140,720680	ダンナの実家が静岡でさ、
140,783357	145,521680	この前、ふたりで熱海行ったんだけど、/熱海城ってのがあってね。
146,311400	148,329575	ゴジラに壊されたことがあるんだけど。
152,052543	156,715655	ゴジラって放射能の/権化みたいなやつじゃん。
158,909323	169,576818	でさ、この子も熱海つながりだねって、/ダンナとゲラゲラ笑って。
172,071333	173,186969	ほっとしたわけよ。
176,847262	187,188840	え？だから、放射能の権化の/ゴジラが壊したのが熱海城で。
189,558002	194,384072	ダンナが熱海の近くの出身だから。
201,892685	204,161564	あれ？ちょっとわかんない。
205,302272	208,686788	でも、そのときは大ウケしたんだけどなあ。
210,278765	216,458641	ああ、そうそう、だから、ミュータント/みたいなのが生まれるかもね、みたいな。
233,481506	239,736595	ファンタスティック４だっけ？/あの指から光線出す。
242,657307	243,848156	Ｘメンだっけ？
247,157461	248,486197	ファンタスティック４？
251,632544	255,380583	ちょっとわかんないけど、あんな感じ。
259,053410	264,456101	だいたいさ、私たちファンタとか/飲みまくってるじゃん。
272,792040	276,113881	添加物ばっかなんだよ。
276,276839	281,554178	はっきり言ってね、私たちなんて/もともと悪いもんでしかできてないよ。
284,412214	292,133926	だから、みんなよかれと思って/いろいろ言ってくれてるんだけどさ、
292,447307	294,829004	プレッシャーでしかないっていう。
295,192526	297,549153	あいつら、みんな/いいことしてるつもりなんだよ。
299,579863	304,543820	モデルのコがさ、/実は結構こっそり避難してるんだけど、
304,669173	312,817083	泣きながら『子ども大事じゃないんですか』/って電話かかってきたり。
316,402164	318,357662	でも面白いよ！
320,601472	322,995704	私さ、子供って嫌いだったんだよね。
323,660072	334,239820	子どもなんて自我がない生き物で、/セミの幼虫と同じだと思ってた。
335,455739	338,451663	それがさ、今は子どもってすごい/面白いんじゃないかって思ってる。
340,908571	343,578579	すごいエンターテイメントな気がする。
347,489576	353,631847	ま、とにかくダンナが動じないなら/大丈夫って思ってる。
355,223823	359,711442	ってかさ、死ぬときは死ぬし。
361,967786	371,745278	子ども産んで死ねたら本望だよ。
376,608954	382,174604	今さ。情報に流されてるやつらは/ヒマなんだよ。
383,528410	386,549405	ほかに考えることがないから騒いでるだけ。
388,016029	391,776603	あいつらさ、いつまでも/平穏に日常が続くと思ってたんだよ。
392,140125	399,460709	明日は闇だと思ったら人は頑張るよ。/必死に考えるよ。
401,967758	409,050173	今慌ててる奴は、いかになんも考えないで/ぼんやり生きてきたかってことだよ。
412,121308	416,533715	で、幸せな日常が壊されたとか言ってさ。
417,022590	419,379216	んなことないよ。
419,680062	425,621769	だいたいもともと幸せなんて/瞬間でしかないじゃん。
425,922615	430,548121	それをみんな状態だと勘違いしてさ。
437,279549	441,604209	ちょ、みさぴー！恋愛大丈夫？
449,601696	452,246633	相変わらずでよかったわー！
457,849889	460,720460	でも、みさぴー、/幸せだったら人は何もしないんだよ。
465,095261	468,229073	だから、今ぐらいでいいんだよ。
468,893441	473,631764	あるべき形になったんだよ。
