3,734064	7,408856	うぉーすげーぶっこわれてる！
7,408856	8,683180	何何？
8,683180	11,705993	うおー、ちょっと盛り上がってきたよー！
11,913441	15,380786	俺も見たいー！
21,604225	27,827664	え、嘘、３０入ってるの？
29,665061	34,821625	あの分布図によれば全然安全。
35,266156	37,903709	でも１年間のあれ、
38,111157	41,252512	許容量は１なんでしょ？
41,459960	44,897669	１年間はそう。
46,142357	49,461525	今、０．何ってあんじゃん。
49,698608	51,387828	うん。
51,713817	64,190331	それが１になったのが１マイクロ、/１０００個集まると１ミリシーベルト。
64,842311	67,390957	でも、１時間あたりだから、
67,598405	76,577939	１日その場所にいたら、/０．１でも２．４なんだよね、
76,755752	84,757316	１の場所だと２４たまっちゃうの。
85,112942	89,054453	１日でもそういうのくらったらだめなの？
89,380443	93,233048	いや、だめではないと思うけど。
93,529402	99,456487	年間ずっとくらわなきゃいけないんでしょ。
99,901019	109,236178	そう、だから/１日だったら平気なはずなんだけど。
113,533314	121,653421	俺さー、守るものがひとつもないんだよね。
125,891287	135,522800	今、それ/自分の心にはねかえってきちゃったでしょ。
