18,196513	21,084297	俺、ぜんぜん寝てなくてさ。
21,884526	25,050649	４０時間くらい起きてる。
25,537745	26,929448	仕事？
28,112396	36,045101	俺最近ちゃんと彼女作ろうと思って、/ちょっと別れ話を。
42,586104	45,647850	そうそう、で、最近整理してたんだけど、
45,856606	50,066506	最後の子がさ、別れたくないってうるさくて。
50,310054	55,146221	俺、この前山地君に聞いて、探しましたよ。
55,424562	62,069943	俺が今通ってる歯医者の女医さんがさ、/絶対俺に気があんだよ。
62,452661	65,096896	ほんとかあ？
66,036295	71,742277	だって、電話かけてくんだよ。/診察の前の日に。
72,298958	77,378673	俺が診察行くの忘れるからなんだけどさ。
77,517843	83,049861	いや、でも、そんなんでわざわざかけるか？
85,624512	90,425886	声がちょっと楽しそうなんだよ。
90,669434	93,348462	しかもね、昨日、/下の名前教えてくれたんだよ！
97,523570	100,585316	絶対、俺に気があるね。
100,933242	108,761570	それ聞いて、必死で探したね。ネットでさ、/歯医者、女医で検索して、写真全部見て、
109,005118	117,076994	そしたらうちから３駅くらいのとこに/いい感じの女医発見したの！
120,417080	125,079284	でさ、行ったら、超優しいの。
125,218455	131,620287	なんか子ども向けっぽいところでさ、/もう俺のことも子どもみたいに接してて。
131,794250	136,456454	痛くない？とか。たまんねー！
136,630417	138,300461	いくつくらい？
138,891934	140,631563	わかんない。
140,770733	142,614739	３０代くらい。
142,823494	147,485699	黒髪で、長さはみさぴーくらいかな。
149,155742	151,973940	いやあ、山地くんにいいこと教わりましたよ。
157,436373	162,620466	あ、サービスエリア。入る？
