#ifndef F_MASTER_VOLUME
#define K_VOLUME               0
#define K_QUAK                 4
#define K_DISTORT              8
#define K_NOISE               12
#define K_DETUNE              16
#define K_FREQ                20
#define K_SHAPE               24
#define K_ADSR_SPEED          28
#define K_DELAY_FEED          31
#define K_DELAY_LENGTH        32
#define F_MASTER_VOLUME       33
#define K_MASTER_PANNING      34
#endif

//#pragma data_seg(".instrumentParams")
//unsigned char instrumentParams_1047621568[] = {
//  64, 109, 0, 0,  96, 33, 23, 90,  79, 75, 23, 76,  128, 128, 128, 128,  18, 63, 42, 20,  128, 128, 128, 128,  117, 127, 127, 127,  122, 60, 60,  49,  9,  128,  65
//};

#define NUM_NOTES_1047621568 223

#pragma data_seg(".savedNoteTime_1047621568")
unsigned short savedNoteTime_1047621568[] = {
  336, 11, 13, 9, 3, 6, 3, 3, 12, 24, 24, 24, 9, 15, 24, 24, 24, 9, 15, 24, 24, 24, 9, 15, 24, 24, 18, 2, 5, 2, 2, 30,
  32, 2, 8, 4, 12, 4, 12, 4, 12, 4, 2, 6, 4, 4, 12, 4, 12, 4, 12, 4, 2, 6, 4, 4, 12, 4, 12, 4, 12, 4, 2, 6,
  4, 4, 12, 4, 12, 4, 12, 4, 2, 6, 4, 4, 12, 4, 12, 4, 12, 4, 2, 6, 4, 4, 12, 4, 12, 4, 12, 4, 2, 6, 4, 4,
  12, 4, 12, 4, 12, 4, 2, 6, 4, 4, 12, 4, 12, 4, 28, 4, 12, 4, 12, 4, 12, 4, 2, 6, 4, 4, 12, 4, 12, 4, 12, 4,
  2, 6, 4, 4, 12, 4, 12, 4, 12, 4, 2, 6, 4, 4, 12, 4, 12, 4, 12, 4, 2, 6, 4, 4, 12, 4, 12, 4, 12, 4, 2, 6,
  4, 4, 12, 4, 12, 4, 12, 4, 2, 6, 4, 4, 12, 4, 12, 4, 12, 4, 2, 6, 4, 4, 12, 4, 12, 4, 12, 4, 12, 4, 12, 4,
  12, 4, 12, 4, 2, 6, 4, 4, 12, 4, 12, 4, 12, 4, 2, 6, 4, 4, 12, 4, 12, 4, 12, 4, 2, 6, 4, 4, 12, 4, 584, 255};

#pragma data_seg(".savedNote_1047621568")
signed char savedNote_1047621568[] = {
  84, 0, 0, 0, 0, 0, 0, 0, 0, 0, 0, 0, 0, 0, 0, 0, 0, 0, 0, 0, 0, 0, 0, 0, 0, 0, -30, 0, 0, 0, 30, -30,
  0, -128, 0, -128, 0, -128, 0, -128, 0, -128, 0, -128, 0, -128, 0, -128, 0, -128, 0, -128, 0, -128, 0, -128, 0, -128, 0, -128, 0, -128, 0, -128,
  0, -128, 0, -128, 0, -128, 0, -128, 0, -128, 0, -128, 0, -128, 0, -128, 0, -128, 0, -128, 0, -128, 0, -128, 0, -128, 0, -128, 0, -128, 0, -128,
  0, -128, 0, -128, 0, -128, 0, -128, 0, -128, 0, -128, 0, -128, 0, -128, 0, -128, 0, -128, 0, -128, 0, -128, 0, -128, 0, -128, 0, -128, 0, -128,
  0, -128, 0, -128, 0, -128, 0, -128, 0, -128, 0, -128, 0, -128, 0, -128, 0, -128, 0, -128, 0, -128, 0, -128, 0, -128, 0, -128, 0, -128, 0, -128,
  0, -128, 0, -128, 0, -128, 0, -128, 0, -128, 0, -128, 0, -128, 0, -128, 0, -128, 0, -128, 0, -128, 0, -128, 0, -128, 0, -128, 0, -128, 0, -128,
  0, -128, 0, -128, 0, -128, 0, -128, 0, -128, 0, -128, 0, -128, 0, -128, 0, -128, 0, -128, 0, -128, 0, -128, 0, -128, 0, -128, 0, -128, -128,};

#pragma data_seg(".savedVelocity_1047621568")
signed char savedVelocity_1047621568[] = {
 64, 32, 31, 0, 0, 0, 0, 0, 0, 0, 0, 0, 0, 0, 0, 0, 0, 0, 0, 0, 0, 0, 0, 0, 0, 0, 0, 0, 0, 0, -127, 127,
 0, 0, 0, 0, 0, 0, 0, 0, 0, 0, 0, 0, 0, 0, 0, 0, 0, 0, 0, 0, 0, 0, 0, 0, 0, 0, 0, 0, 0, 0, 0, 0,
 0, 0, 0, 0, 0, 0, 0, 0, 0, 0, 0, 0, 0, 0, 0, 0, 0, 0, 0, 0, 0, 0, 0, 0, 0, 0, 0, 0, 0, 0, 0, 0,
 0, 0, 0, 0, 0, 0, 0, 0, 0, 0, 0, 0, 0, 0, 0, 0, 0, 0, 0, 0, 0, 0, 0, 0, 0, 0, 0, 0, 0, 0, 0, 0,
 0, 0, 0, 0, 0, 0, 0, 0, 0, 0, 0, 0, 0, 0, 0, 0, 0, 0, 0, 0, 0, 0, 0, 0, 0, 0, 0, 0, 0, 0, 0, 0,
 0, 0, 0, 0, 0, 0, 0, 0, 0, 0, 0, 0, 0, 0, 0, 0, 0, 0, 0, 0, 0, 0, 0, 0, 0, 0, 0, 0, 0, 0, 0, 0,
 0, 0, 0, 0, 0, 0, 0, 0, 0, 0, 0, 0, 0, 0, 0, 0, 0, 0, 0, 0, 0, 0, 0, 0, 0, 0, 0, 0, 0, 0, 0,};

