#ifndef F_MASTER_VOLUME
#define K_VOLUME               0
#define K_QUAK                 4
#define K_DISTORT              8
#define K_NOISE               12
#define K_DETUNE              16
#define K_FREQ                20
#define K_SHAPE               24
#define K_ADSR_SPEED          28
#define K_DELAY_FEED          31
#define K_DELAY_LENGTH        32
#define F_MASTER_VOLUME       33
#define K_MASTER_PANNING      34
#endif

//#pragma data_seg(".instrumentParams")
//unsigned char instrumentParams_890453952[] = {
//  45, 45, 0, 0,  128, 128, 128, 128,  79, 79, 128, 76,  128, 128, 128, 128,  18, 63, 42, 20,  128, 128, 128, 128,  127, 127, 127, 127,  122, 128, 128,  49,  9,  128,  65
//};

#define NUM_NOTES_890453952 1235

#pragma data_seg(".savedNoteTime")
unsigned short savedNoteTime_890453952[] = {
  825, 1, 1, 1, 1, 1, 1, 1, 1, 1, 1, 1, 1, 1, 1, 1, 1, 1, 1, 1, 1, 1, 1, 1, 1, 1, 1, 1, 1, 1, 1, 1,
  1, 1, 1, 1, 1, 1, 1, 1, 1, 1, 1, 1, 1, 1, 1, 1, 1, 1, 1, 1, 1, 1, 1, 1, 1, 1, 1, 1, 1, 1, 1, 1,
  1, 1, 1, 1, 1, 1, 1, 1, 1, 1, 1, 1, 1, 1, 1, 1, 1, 1, 1, 1, 1, 1, 1, 1, 1, 1, 1, 1, 1, 1, 1, 1,
  1, 1, 1, 1, 1, 1, 1, 1, 1, 1, 1, 1, 1, 1, 1, 1, 1, 1, 1, 1, 1, 1, 1, 1, 1, 1, 1, 1, 1, 1, 1, 1,
  1, 1, 1, 1, 1, 1, 1, 1, 1, 1, 1, 1, 1, 1, 1, 1, 1, 1, 1, 1, 1, 1, 1, 1, 1, 1, 1, 1, 1, 1, 1, 1,
  1, 1, 1, 1, 1, 1, 1, 1, 1, 1, 1, 1, 1, 1, 1, 1, 1, 1, 1, 1, 1, 1, 1, 1, 1, 1, 1, 1, 1, 1, 1, 1,
  1, 1, 1, 1, 1, 1, 1, 1, 1, 1, 1, 1, 1, 1, 1, 1, 1, 1, 1, 1, 1, 1, 1, 1, 1, 1, 1, 1, 1, 1, 1, 1,
  1, 1, 1, 1, 1, 1, 1, 1, 1, 1, 1, 1, 1, 1, 1, 1, 1, 1, 1, 1, 1, 1, 1, 1, 1, 1, 1, 1, 1, 1, 1, 1,
  1, 1, 1, 1, 1, 1, 1, 1, 1, 1, 1, 1, 1, 1, 1, 1, 1, 1, 1, 1, 1, 1, 1, 1, 1, 1, 1, 1, 1, 1, 1, 1,
  1, 1, 1, 1, 1, 1, 1, 1, 1, 1, 1, 1, 1, 1, 1, 1, 1, 1, 1, 1, 1, 1, 1, 1, 1, 1, 1, 1, 1, 1, 1, 1,
  1, 1, 1, 1, 1, 1, 1, 1, 1, 1, 1, 1, 1, 1, 1, 1, 1, 1, 1, 1, 1, 1, 1, 1, 1, 1, 1, 1, 1, 1, 1, 1,
  1, 1, 1, 1, 1, 1, 1, 1, 1, 1, 1, 1, 1, 1, 1, 1, 1, 1, 1, 1, 1, 1, 1, 1, 1, 1, 1, 1, 1, 1, 1, 1,
  1, 1, 1, 1, 1, 1, 1, 1, 1, 1, 1, 1, 1, 1, 1, 1, 1, 1, 1, 1, 1, 1, 1, 1, 1, 1, 1, 1, 1, 1, 1, 1,
  1, 1, 1, 1, 1, 1, 1, 1, 1, 1, 1, 1, 1, 1, 1, 1, 1, 1, 1, 1, 1, 1, 1, 1, 1, 1, 1, 1, 1, 1, 1, 1,
  1, 1, 1, 1, 1, 1, 1, 1, 1, 1, 1, 1, 1, 1, 1, 1, 1, 1, 1, 1, 1, 1, 1, 1, 1, 1, 1, 1, 1, 1, 1, 1,
  1, 1, 1, 1, 1, 1, 1, 1, 1, 1, 1, 1, 1, 1, 1, 1, 17, 1, 1, 1, 1, 1, 1, 1, 1, 1, 1, 1, 1, 1, 1, 1,
  1, 1, 1, 1, 1, 1, 1, 1, 1, 1, 1, 1, 1, 1, 1, 1, 1, 1, 1, 1, 1, 1, 1, 1, 1, 1, 1, 1, 1, 1, 1, 1,
  1, 1, 1, 1, 1, 1, 1, 1, 1, 1, 1, 1, 1, 1, 1, 1, 1, 1, 1, 1, 1, 1, 1, 1, 1, 1, 1, 1, 1, 1, 1, 1,
  1, 1, 1, 1, 1, 1, 1, 1, 1, 1, 1, 1, 1, 1, 1, 1, 1, 1, 1, 1, 1, 1, 1, 1, 1, 1, 1, 1, 1, 1, 1, 1,
  1, 1, 1, 1, 1, 1, 1, 1, 1, 1, 1, 1, 1, 1, 1, 1, 1, 1, 1, 1, 1, 1, 1, 1, 1, 1, 1, 1, 1, 1, 1, 1,
  1, 1, 1, 1, 1, 1, 1, 1, 1, 1, 1, 1, 1, 1, 1, 1, 1, 1, 1, 1, 1, 1, 1, 1, 1, 1, 1, 1, 1, 1, 1, 1,
  1, 1, 1, 1, 1, 1, 1, 1, 1, 1, 1, 1, 1, 1, 1, 1, 1, 1, 1, 1, 1, 1, 1, 1, 1, 1, 1, 1, 1, 1, 1, 1,
  1, 1, 1, 1, 1, 1, 1, 1, 1, 1, 1, 1, 1, 1, 1, 1, 1, 1, 1, 1, 1, 1, 1, 1, 1, 1, 1, 1, 1, 1, 1, 1,
  1, 1, 1, 1, 1, 1, 1, 1, 1, 1, 1, 1, 1, 1, 1, 1, 1, 1, 1, 1, 1, 1, 1, 1, 1, 1, 1, 1, 1, 1, 1, 1,
  1, 1, 1, 1, 1, 1, 1, 1, 1, 1, 1, 1, 1, 1, 1, 1, 1, 1, 1, 1, 1, 1, 1, 1, 1, 1, 1, 1, 1, 1, 1, 1,
  1, 1, 1, 1, 1, 1, 1, 1, 1, 1, 1, 1, 1, 1, 1, 1, 1, 1, 1, 1, 1, 1, 1, 1, 1, 1, 1, 1, 1, 1, 1, 1,
  1, 1, 1, 1, 1, 1, 1, 1, 1, 1, 1, 1, 1, 1, 1, 1, 1, 1, 1, 1, 1, 1, 1, 1, 1, 1, 1, 1, 1, 1, 1, 1,
  1, 1, 1, 1, 1, 1, 1, 1, 1, 1, 1, 1, 1, 1, 1, 1, 1, 1, 1, 1, 1, 1, 1, 1, 1, 1, 1, 1, 1, 1, 1, 1,
  1, 1, 1, 1, 1, 1, 1, 1, 1, 1, 1, 1, 1, 1, 1, 1, 1, 1, 1, 1, 1, 1, 1, 1, 1, 1, 1, 1, 1, 1, 1, 1,
  1, 1, 1, 1, 1, 1, 1, 1, 1, 1, 1, 1, 1, 1, 1, 1, 1, 1, 1, 1, 1, 1, 1, 1, 1, 1, 1, 1, 1, 1, 1, 1,
  1, 1, 1, 1, 1, 1, 1, 1, 1, 1, 1, 1, 1, 1, 1, 1, 1, 1, 1, 1, 1, 1, 1, 1, 1, 1, 1, 1, 1, 1, 1, 1,
  1, 1, 1, 1, 1, 1, 1, 1, 1, 1, 1, 1, 1, 1, 1, 1, 1, 1, 1, 1, 1, 1, 1, 1, 1, 1, 1, 1, 1, 1, 1, 1,
  1, 1, 1, 1, 1, 1, 1, 1, 1, 1, 1, 1, 1, 1, 1, 1, 1, 1, 1, 1, 1, 1, 1, 1, 1, 1, 1, 1, 1, 1, 1, 1,
  1, 1, 1, 1, 1, 1, 1, 1, 1, 1, 1, 1, 1, 1, 1, 1, 1, 1, 1, 1, 1, 1, 1, 1, 1, 1, 1, 1, 1, 1, 1, 1,
  1, 1, 1, 1, 1, 1, 1, 1, 1, 1, 1, 1, 1, 1, 1, 1, 1, 1, 1, 1, 1, 1, 1, 1, 1, 1, 1, 1, 1, 1, 1, 1,
  1, 1, 1, 1, 1, 1, 1, 1, 1, 1, 1, 1, 1, 1, 1, 1, 1, 1, 1, 1, 1, 1, 1, 1, 1, 1, 1, 1, 1, 1, 1, 1,
  1, 1, 1, 1, 1, 1, 1, 1, 1, 1, 1, 1, 1, 1, 1, 1, 1, 1, 1, 1, 1, 1, 1, 1, 1, 1, 1, 1, 1, 1, 1, 1,
  1, 1, 1, 1, 1, 1, 1, 1, 1, 1, 1, 1, 1, 1, 1, 1, 1, 1, 1, 1, 1, 1, 1, 1, 1, 1, 1, 1, 1, 1, 1, 1,
  1, 1, 1, 1, 1, 1, 1, 1, 1, 1, 1, 1, 1, 1, 1, 1, 1, 1, 579, 255};

#pragma data_seg(".savedNote")
signed char savedNote_890453952[] = {
  52, -128, 0, -128, 0, -128, 0, -128, 0, -128, 0, -128, 0, -128, 0, -128, 0, -128, 0, -128, 0, -128, 0, -128, 0, -128, 0, -128, 0, -128, 0, -128,
  0, -128, 0, -128, 0, -128, 0, -128, 0, -128, 0, -128, 0, -128, 0, -128, 0, -128, 0, -128, 0, -128, 0, -128, 0, -128, 0, -128, 0, -128, 0, -128,
  0, -128, 0, -128, 0, -128, 0, -128, 0, -128, 0, -128, 0, -128, 0, -128, 0, -128, 0, -128, 0, -128, 0, -128, 0, -128, 0, -128, 0, -128, 0, -128,
  0, -128, 0, -128, 0, -128, 0, -128, 0, -128, 0, -128, 0, -128, 0, -128, 0, -128, 0, -128, 0, -128, 0, -128, 0, -128, 0, -128, 0, -128, 0, -128,
  0, -128, 0, -128, 0, -128, 0, -128, 0, -128, 0, -128, 0, -128, 0, -128, 0, -128, 0, -128, 0, -128, 0, -128, 0, -128, 0, -128, 0, -128, 0, -128,
  0, -128, 0, -128, 0, -128, 0, -128, 0, -128, 0, -128, 0, -128, 0, -128, 0, -128, 0, -128, 0, -128, 0, -128, 0, -128, 0, -128, 0, -128, 0, -128,
  0, -128, 0, -128, 0, -128, 0, -128, 0, -128, 0, -128, 0, -128, 0, -128, 0, -128, 0, -128, 0, -128, 0, -128, 0, -128, 0, -128, 0, -128, 0, -128,
  0, -128, 0, -128, 0, -128, 0, -128, 0, -128, 0, -128, 0, -128, 0, -128, 0, -128, 0, -128, 0, -128, 0, -128, 0, -128, 0, -128, 0, -128, 0, -128,
  0, -128, 0, -128, 0, -128, 0, -128, 0, -128, 0, -128, 0, -128, 0, -128, 0, -128, 0, -128, 0, -128, 0, -128, 0, -128, 0, -128, 0, -128, 0, -128,
  0, -128, 0, -128, 0, -128, 0, -128, 0, -128, 0, -128, 0, -128, 0, -128, 0, -128, 0, -128, 0, -128, 0, -128, 0, -128, 0, -128, 0, -128, 0, -128,
  0, -128, 0, -128, 0, -128, 0, -128, 0, -128, 0, -128, 0, -128, 0, -128, 0, -128, 0, -128, 0, -128, 0, -128, 0, -128, 0, -128, 0, -128, 0, -128,
  0, -128, 0, -128, 0, -128, 0, -128, 0, -128, 0, -128, 0, -128, 0, -128, 0, -128, 0, -128, 0, -128, 0, -128, 0, -128, 0, -128, 0, -128, 0, -128,
  0, -128, 0, -128, 0, -128, 0, -128, 0, -128, 0, -128, 0, -128, 0, -128, 0, -128, 0, -128, 0, -128, 0, -128, 0, -128, 0, -128, 0, -128, 0, -128,
  0, -128, 0, -128, 0, -128, 0, -128, 0, -128, 0, -128, 0, -128, 0, -128, 0, -128, 0, -128, 0, -128, 0, -128, 0, -128, 0, -128, 0, -128, 0, -128,
  0, -128, 0, -128, 0, -128, 0, -128, 0, -128, 0, -128, 0, -128, 0, -128, 0, -128, 0, -128, 0, -128, 0, -128, 0, -128, 0, -128, 0, -128, 0, -128,
  0, -128, 0, -128, 0, -128, 0, -128, 0, -128, 0, -128, 0, -128, 0, -128, 0, -128, 0, -128, 0, -128, 0, -128, 0, -128, 0, -128, 0, -128, 0, -128,
  0, -128, 0, -128, 0, -128, 0, -128, 0, -128, 0, -128, 0, -128, 0, -128, 0, -128, 0, -128, 0, -128, 0, -128, 0, -128, 0, -128, 0, -128, 0, -128,
  0, -128, 0, -128, 0, -128, 0, -128, 0, -128, 0, -128, 0, -128, 0, -128, 0, -128, 0, -128, 0, -128, 0, -128, 0, -128, 0, -128, 0, -128, 0, -128,
  0, -128, 0, -128, 0, -128, 0, -128, 0, -128, 0, -128, 0, -128, 0, -128, 0, -128, 0, -128, 0, -128, 0, -128, 0, -128, 0, -128, 0, -128, 0, -128,
  0, -128, 0, -128, 0, -128, 0, -128, 0, -128, 0, -128, 0, -128, 0, -128, 0, -128, 0, -128, 0, -128, 0, -128, 0, -128, 0, -128, 0, -128, 0, -128,
  0, -128, 0, -128, 0, -128, 0, -128, 0, -128, 0, -128, 0, -128, 0, -128, 0, -128, 0, -128, 0, -128, 0, -128, 0, -128, 0, -128, 0, -128, 0, -128,
  0, -128, 0, -128, 0, -128, 0, -128, 0, -128, 0, -128, 0, -128, 0, -128, 0, -128, 0, -128, 0, -128, 0, -128, 0, -128, 0, -128, 0, -128, 0, -128,
  0, -128, 0, -128, 0, -128, 0, -128, 0, -128, 0, -128, 0, -128, 0, -128, 0, -128, 0, -128, 0, -128, 0, -128, 0, -128, 0, -128, 0, -128, 0, -128,
  0, -128, 0, -128, 0, -128, 0, -128, 0, -128, 0, -128, 0, -128, 0, -128, 0, -128, 0, -128, 0, -128, 0, -128, 0, -128, 0, -128, 0, -128, 0, -128,
  0, -128, 0, -128, 0, -128, 0, -128, 0, -128, 0, -128, 0, -128, 0, -128, 0, -128, 0, -128, 0, -128, 0, -128, 0, -128, 0, -128, 0, -128, 0, -128,
  0, -128, 0, -128, 0, -128, 0, -128, 0, -128, 0, -128, 0, -128, 0, -128, 0, -128, 0, -128, 0, -128, 0, -128, 0, -128, 0, -128, 0, -128, 0, -128,
  0, -128, 0, -128, 0, -128, 0, -128, 0, -128, 0, -128, 0, -128, 0, -128, 0, -128, 0, -128, 0, -128, 0, -128, 0, -128, 0, -128, 0, -128, 0, -128,
  0, -128, 0, -128, 0, -128, 0, -128, 0, -128, 0, -128, 0, -128, 0, -128, 0, -128, 0, -128, 0, -128, 0, -128, 0, -128, 0, -128, 0, -128, 0, -128,
  0, -128, 0, -128, 0, -128, 0, -128, 0, -128, 0, -128, 0, -128, 0, -128, 0, -128, 0, -128, 0, -128, 0, -128, 0, -128, 0, -128, 0, -128, 0, -128,
  0, -128, 0, -128, 0, -128, 0, -128, 0, -128, 0, -128, 0, -128, 0, -128, 0, -128, 0, -128, 0, -128, 0, -128, 0, -128, 0, -128, 0, -128, 0, -128,
  0, -128, 0, -128, 0, -128, 0, -128, 0, -128, 0, -128, 0, -128, 0, -128, 0, -128, 0, -128, 0, -128, 0, -128, 0, -128, 0, -128, 0, -128, 0, -128,
  0, -128, 0, -128, 0, -128, 0, -128, 0, -128, 0, -128, 0, -128, 0, -128, 0, -128, 0, -128, 0, -128, 0, -128, 0, -128, 0, -128, 0, -128, 0, -128,
  0, -128, 0, -128, 0, -128, 0, -128, 0, -128, 0, -128, 0, -128, 0, -128, 0, -128, 0, -128, 0, -128, 0, -128, 0, -128, 0, -128, 0, -128, 0, -128,
  0, -128, 0, -128, 0, -128, 0, -128, 0, -128, 0, -128, 0, -128, 0, -128, 0, -128, 0, -128, 0, -128, 0, -128, 0, -128, 0, -128, 0, -128, 0, -128,
  0, -128, 0, -128, 0, -128, 0, -128, 0, -128, 0, -128, 0, -128, 0, -128, 0, -128, 0, -128, 0, -128, 0, -128, 0, -128, 0, -128, 0, -128, 0, -128,
  0, -128, 0, -128, 0, -128, 0, -128, 0, -128, 0, -128, 0, -128, 0, -128, 0, -128, 0, -128, 0, -128, 0, -128, 0, -128, 0, -128, 0, -128, 0, -128,
  0, -128, 0, -128, 0, -128, 0, -128, 0, -128, 0, -128, 0, -128, 0, -128, 0, -128, 0, -128, 0, -128, 0, -128, 0, -128, 0, -128, 0, -128, 0, -128,
  0, -128, 0, -128, 0, -128, 0, -128, 0, -128, 0, -128, 0, -128, 0, -128, 0, -128, 0, -128, 0, -128, 0, -128, 0, -128, 0, -128, 0, -128, 0, -128,
  0, -128, 0, -128, 0, -128, 0, -128, 0, -128, 0, -128, 0, -128, 0, -128, 0, -128, -128,};

#pragma data_seg(".savedVelocity")
signed char savedVelocity_890453952[] = {
 127, 0, 0, 0, 0, 0, 0, 0, 0, 0, 0, 0, 0, 0, 0, 0, 0, 0, 0, 0, 0, 0, 0, 0, 0, 0, 0, 0, 0, 0, 0, 0,
 0, 0, 0, 0, 0, 0, 0, 0, 0, 0, 0, 0, 0, 0, 0, 0, 0, 0, 0, 0, 0, 0, 0, 0, 0, 0, 0, 0, 0, 0, 0, 0,
 0, 0, 0, 0, 0, 0, 0, 0, 0, 0, 0, 0, 0, 0, 0, 0, 0, 0, 0, 0, 0, 0, 0, 0, 0, 0, 0, 0, 0, 0, 0, 0,
 0, 0, 0, 0, 0, 0, 0, 0, 0, 0, 0, 0, 0, 0, 0, 0, 0, 0, 0, 0, 0, 0, 0, 0, 0, 0, 0, 0, 0, 0, 0, 0,
 0, 0, 0, 0, 0, 0, 0, 0, 0, 0, 0, 0, 0, 0, 0, 0, 0, 0, 0, 0, 0, 0, 0, 0, 0, 0, 0, 0, 0, 0, 0, 0,
 0, 0, 0, 0, 0, 0, 0, 0, 0, 0, 0, 0, 0, 0, 0, 0, 0, 0, 0, 0, 0, 0, 0, 0, 0, 0, 0, 0, 0, 0, 0, 0,
 0, 0, 0, 0, 0, 0, 0, 0, 0, 0, 0, 0, 0, 0, 0, 0, 0, 0, 0, 0, 0, 0, 0, 0, 0, 0, 0, 0, 0, 0, 0, 0,
 0, 0, 0, 0, 0, 0, 0, 0, 0, 0, 0, 0, 0, 0, 0, 0, 0, 0, 0, 0, 0, 0, 0, 0, 0, 0, 0, 0, 0, 0, 0, 0,
 0, 0, 0, 0, 0, 0, 0, 0, 0, 0, 0, 0, 0, 0, 0, 0, 0, 0, 0, 0, 0, 0, 0, 0, 0, 0, 0, 0, 0, 0, 0, 0,
 0, 0, 0, 0, 0, 0, 0, 0, 0, 0, 0, 0, 0, 0, 0, 0, 0, 0, 0, 0, 0, 0, 0, 0, 0, 0, 0, 0, 0, 0, 0, 0,
 0, 0, 0, 0, 0, 0, 0, 0, 0, 0, 0, 0, 0, 0, 0, 0, 0, 0, 0, 0, 0, 0, 0, 0, 0, 0, 0, 0, 0, 0, 0, 0,
 0, 0, 0, 0, 0, 0, 0, 0, 0, 0, 0, 0, 0, 0, 0, 0, 0, 0, 0, 0, 0, 0, 0, 0, 0, 0, 0, 0, 0, 0, 0, 0,
 0, 0, 0, 0, 0, 0, 0, 0, 0, 0, 0, 0, 0, 0, 0, 0, 0, 0, 0, 0, 0, 0, 0, 0, 0, 0, 0, 0, 0, 0, 0, 0,
 0, 0, 0, 0, 0, 0, 0, 0, 0, 0, 0, 0, 0, 0, 0, 0, 0, 0, 0, 0, 0, 0, 0, 0, 0, 0, 0, 0, 0, 0, 0, 0,
 0, 0, 0, 0, 0, 0, 0, 0, 0, 0, 0, 0, 0, 0, 0, 0, 0, 0, 0, 0, 0, 0, 0, 0, 0, 0, 0, 0, 0, 0, 0, 0,
 0, 0, 0, 0, 0, 0, 0, 0, 0, 0, 0, 0, 0, 0, 0, 0, 0, 0, 0, 0, 0, 0, 0, 0, 0, 0, 0, 0, 0, 0, 0, 0,
 0, 0, 0, 0, 0, 0, 0, 0, 0, 0, 0, 0, 0, 0, 0, 0, 0, 0, 0, 0, 0, 0, 0, 0, 0, 0, 0, 0, 0, 0, 0, 0,
 0, 0, 0, 0, 0, 0, 0, 0, 0, 0, 0, 0, 0, 0, 0, 0, 0, 0, 0, 0, 0, 0, 0, 0, 0, 0, 0, 0, 0, 0, 0, 0,
 0, 0, 0, 0, 0, 0, 0, 0, 0, 0, 0, 0, 0, 0, 0, 0, 0, 0, 0, 0, 0, 0, 0, 0, 0, 0, 0, 0, 0, 0, 0, 0,
 0, 0, 0, 0, 0, 0, 0, 0, 0, 0, 0, 0, 0, 0, 0, 0, 0, 0, 0, 0, 0, 0, 0, 0, 0, 0, 0, 0, 0, 0, 0, 0,
 0, 0, 0, 0, 0, 0, 0, 0, 0, 0, 0, 0, 0, 0, 0, 0, 0, 0, 0, 0, 0, 0, 0, 0, 0, 0, 0, 0, 0, 0, 0, 0,
 0, 0, 0, 0, 0, 0, 0, 0, 0, 0, 0, 0, 0, 0, 0, 0, 0, 0, 0, 0, 0, 0, 0, 0, 0, 0, 0, 0, 0, 0, 0, 0,
 0, 0, 0, 0, 0, 0, 0, 0, 0, 0, 0, 0, 0, 0, 0, 0, 0, 0, 0, 0, 0, 0, 0, 0, 0, 0, 0, 0, 0, 0, 0, 0,
 0, 0, 0, 0, 0, 0, 0, 0, 0, 0, 0, 0, 0, 0, 0, 0, 0, 0, 0, 0, 0, 0, 0, 0, 0, 0, 0, 0, 0, 0, 0, 0,
 0, 0, 0, 0, 0, 0, 0, 0, 0, 0, 0, 0, 0, 0, 0, 0, 0, 0, 0, 0, 0, 0, 0, 0, 0, 0, 0, 0, 0, 0, 0, 0,
 0, 0, 0, 0, 0, 0, 0, 0, 0, 0, 0, 0, 0, 0, 0, 0, 0, 0, 0, 0, 0, 0, 0, 0, 0, 0, 0, 0, 0, 0, 0, 0,
 0, 0, 0, 0, 0, 0, 0, 0, 0, 0, 0, 0, 0, 0, 0, 0, 0, 0, 0, 0, 0, 0, 0, 0, 0, 0, 0, 0, 0, 0, 0, 0,
 0, 0, 0, 0, 0, 0, 0, 0, 0, 0, 0, 0, 0, 0, 0, 0, 0, 0, 0, 0, 0, 0, 0, 0, 0, 0, 0, 0, 0, 0, 0, 0,
 0, 0, 0, 0, 0, 0, 0, 0, 0, 0, 0, 0, 0, 0, 0, 0, 0, 0, 0, 0, 0, 0, 0, 0, 0, 0, 0, 0, 0, 0, 0, 0,
 0, 0, 0, 0, 0, 0, 0, 0, 0, 0, 0, 0, 0, 0, 0, 0, 0, 0, 0, 0, 0, 0, 0, 0, 0, 0, 0, 0, 0, 0, 0, 0,
 0, 0, 0, 0, 0, 0, 0, 0, 0, 0, 0, 0, 0, 0, 0, 0, 0, 0, 0, 0, 0, 0, 0, 0, 0, 0, 0, 0, 0, 0, 0, 0,
 0, 0, 0, 0, 0, 0, 0, 0, 0, 0, 0, 0, 0, 0, 0, 0, 0, 0, 0, 0, 0, 0, 0, 0, 0, 0, 0, 0, 0, 0, 0, 0,
 0, 0, 0, 0, 0, 0, 0, 0, 0, 0, 0, 0, 0, 0, 0, 0, 0, 0, 0, 0, 0, 0, 0, 0, 0, 0, 0, 0, 0, 0, 0, 0,
 0, 0, 0, 0, 0, 0, 0, 0, 0, 0, 0, 0, 0, 0, 0, 0, 0, 0, 0, 0, 0, 0, 0, 0, 0, 0, 0, 0, 0, 0, 0, 0,
 0, 0, 0, 0, 0, 0, 0, 0, 0, 0, 0, 0, 0, 0, 0, 0, 0, 0, 0, 0, 0, 0, 0, 0, 0, 0, 0, 0, 0, 0, 0, 0,
 0, 0, 0, 0, 0, 0, 0, 0, 0, 0, 0, 0, 0, 0, 0, 0, 0, 0, 0, 0, 0, 0, 0, 0, 0, 0, 0, 0, 0, 0, 0, 0,
 0, 0, 0, 0, 0, 0, 0, 0, 0, 0, 0, 0, 0, 0, 0, 0, 0, 0, 0, 0, 0, 0, 0, 0, 0, 0, 0, 0, 0, 0, 0, 0,
 0, 0, 0, 0, 0, 0, 0, 0, 0, 0, 0, 0, 0, 0, 0, 0, 0, 0, 0, 0, 0, 0, 0, 0, 0, 0, 0, 0, 0, 0, 0, 0,
 0, 0, 0, 0, 0, 0, 0, 0, 0, 0, 0, 0, 0, 0, 0, 0, 0, 0, 0,};

