#ifndef F_MASTER_VOLUME
#define K_VOLUME               0
#define K_QUAK                 4
#define K_DISTORT              8
#define K_NOISE               12
#define K_DETUNE              16
#define K_FREQ                20
#define K_SHAPE               24
#define K_ADSR_SPEED          28
#define K_DELAY_FEED          31
#define K_DELAY_LENGTH        32
#define F_MASTER_VOLUME       33
#define K_MASTER_PANNING      34
#endif

//#pragma data_seg(".instrumentParams")
//unsigned char instrumentParams_1204756416[] = {
//  118, 100, 0, 0,  0, 15, 13, 0,  60, 73, 13, 0,  0, 0, 0, 0,  23, 66, 43, 24,  69, 15, 17, 13,  11, 0, 2, 3,  109, 41, 40,  81,  0,  87,  64
//};

#define NUM_NOTES_1204756416 183
#if 0
#pragma data_seg(".savedNoteTime")
unsigned short savedNoteTime_1204756416[] = {
  720, 12, 11, 7, 2, 5, 2, 2, 32, 30, 2, 4, 4, 8, 8, 8, 8, 8, 8, 4, 4, 8, 8, 8, 8, 8, 8, 8, 4, 4, 8, 8,
  8, 8, 8, 8, 8, 4, 4, 8, 8, 8, 8, 8, 8, 8, 4, 4, 8, 8, 8, 8, 8, 8, 8, 4, 4, 8, 8, 8, 8, 8, 8, 8,
  4, 4, 8, 8, 8, 8, 8, 8, 8, 4, 4, 8, 8, 8, 8, 8, 8, 8, 8, 8, 8, 8, 8, 8, 8, 8, 4, 4, 64, 8, 8, 8,
  8, 8, 8, 8, 4, 4, 8, 8, 8, 8, 8, 8, 8, 4, 4, 8, 8, 8, 8, 8, 8, 8, 4, 4, 8, 8, 8, 8, 8, 8, 8, 4,
  4, 8, 8, 8, 8, 8, 8, 8, 4, 4, 8, 8, 8, 8, 8, 8, 8, 4, 4, 8, 8, 8, 8, 8, 8, 8, 4, 4, 8, 8, 8, 8,
  8, 8, 8, 4, 4, 8, 8, 8, 8, 8, 8, 8, 4, 4, 8, 8, 8, 8, 16, 8, 8, 4, 544, 255};

#pragma data_seg(".savedNote")
signed char savedNote_1204756416[] = {
  43, 0, 0, 0, 0, 0, 0, -128, 0, 0, 0, -128, 0, 0, 0, 0, 0, 0, 0, 0, 0, 0, 0, 0, 0, 0, 0, 0, 0, 0, 0, 0,
  0, 0, 0, 0, 0, 0, 0, 0, 0, 0, 0, 0, 0, 0, 0, 0, 0, 0, 0, 0, 0, 0, 0, 0, 0, 0, 0, 0, 0, 0, 0, 0,
  0, 0, 0, 0, 0, 0, 0, 0, 0, 0, 0, 0, 0, 0, 0, 0, 0, -128, 0, 0, 0, 0, 0, 0, 0, 0, 0, 0, 0, 0, 0, 0,
  0, 0, 0, 0, 0, 0, 0, 0, 0, 0, 0, 0, 0, 0, 0, 0, 0, 0, 0, 0, 0, 0, 0, 0, 0, 0, 0, 0, 0, 0, 0, 0,
  0, 0, 0, 0, 0, 0, 0, 0, 0, 0, 0, 0, 0, 0, 0, 0, 0, 0, 0, 0, 0, 0, 0, 0, 0, 0, 0, 0, 0, 0, 0, 0,
  0, 0, 0, 0, 0, 0, 0, 0, 0, 0, 0, 0, 0, 0, 0, 0, 0, 0, 0, 0, 0, -128, -128,};

#pragma data_seg(".savedVelocity")
signed char savedVelocity_1204756416[] = {
 127, 0, 0, 0, 0, 0, 0, 0, 0, 0, 0, 0, 0, 0, 0, 0, 0, 0, 0, 0, 0, 0, 0, 0, 0, 0, 0, 0, 0, 0, 0, 0,
 0, 0, 0, 0, 0, 0, 0, 0, 0, 0, 0, 0, 0, 0, 0, 0, 0, 0, 0, 0, 0, 0, 0, 0, 0, 0, 0, 0, 0, 0, 0, 0,
 0, 0, 0, 0, 0, 0, 0, 0, 0, 0, 0, 0, 0, 0, 0, 0, 0, 0, 0, 0, 0, 0, 0, 0, 0, 0, 0, 0, 0, 0, 0, 0,
 0, 0, 0, 0, 0, 0, 0, 0, 0, 0, 0, 0, 0, 0, 0, 0, 0, 0, 0, 0, 0, 0, 0, 0, 0, 0, 0, 0, 0, 0, 0, 0,
 0, 0, 0, 0, 0, 0, 0, 0, 0, 0, 0, 0, 0, 0, 0, 0, 0, 0, 0, 0, 0, 0, 0, 0, 0, 0, 0, 0, 0, 0, 0, 0,
 0, 0, 0, 0, 0, 0, 0, 0, 0, 0, 0, 0, 0, 0, 0, 0, 0, 0, 0, 0, 0, 0, 0,};
 #endif
