#ifndef F_MASTER_VOLUME
#define K_VOLUME               0
#define K_QUAK                 4
#define K_DISTORT              8
#define K_NOISE               12
#define K_DETUNE              16
#define K_FREQ                20
#define K_SHAPE               24
#define K_ADSR_SPEED          28
#define K_DELAY_FEED          31
#define K_DELAY_LENGTH        32
#define F_MASTER_VOLUME       33
#define K_MASTER_PANNING      34
#endif

//#pragma data_seg(".instrumentParams")
//unsigned char instrumentParams_1833283520[] = {
//  106, 0, 0, 0,  82, 51, 36, 42,  83, 79, 36, 0,  0, 0, 0, 0,  1, 1, 0, 0,  32, 32, 32, 32,  107, 127, 107, 127,  0, 65, 128,  40,  60,  128,  53
//};

#define NUM_NOTES_1833283520 891
#if 0
#pragma data_seg(".savedNoteTime")
unsigned short savedNoteTime_1833283520[] = {
  761, 1, 1, 1, 1, 1, 1, 1, 1, 3, 1, 1, 1, 1, 1, 1, 1, 1, 1, 1, 1, 1, 1, 3, 1, 3, 1, 1, 1, 1, 1, 1,
  1, 1, 1, 3, 1, 1, 1, 1, 1, 1, 1, 1, 1, 1, 1, 1, 1, 3, 1, 3, 1, 1, 1, 1, 1, 1, 1, 1, 1, 3, 1, 1,
  1, 1, 1, 1, 1, 1, 1, 1, 1, 1, 1, 3, 1, 3, 1, 1, 1, 1, 1, 1, 1, 1, 1, 3, 1, 1, 1, 1, 1, 1, 1, 1,
  1, 1, 1, 1, 1, 3, 1, 3, 1, 1, 1, 1, 1, 1, 1, 1, 1, 3, 1, 1, 1, 1, 1, 1, 1, 1, 1, 1, 1, 1, 1, 3,
  1, 3, 1, 1, 1, 1, 1, 1, 1, 1, 1, 3, 1, 1, 1, 1, 1, 1, 1, 1, 1, 1, 1, 1, 1, 3, 1, 3, 1, 1, 1, 1,
  1, 1, 1, 1, 1, 3, 1, 1, 1, 1, 1, 1, 1, 1, 1, 1, 1, 1, 1, 3, 1, 3, 1, 1, 1, 1, 1, 1, 1, 1, 1, 3,
  1, 1, 1, 1, 1, 1, 1, 1, 1, 1, 1, 1, 1, 3, 1, 3, 1, 1, 1, 1, 1, 1, 1, 1, 1, 3, 1, 1, 1, 1, 1, 1,
  1, 1, 1, 1, 1, 1, 1, 3, 1, 3, 1, 1, 1, 1, 1, 1, 1, 1, 1, 3, 1, 1, 1, 1, 1, 1, 1, 1, 1, 1, 1, 1,
  1, 3, 1, 3, 1, 1, 1, 1, 1, 1, 1, 1, 1, 3, 1, 1, 1, 1, 1, 1, 1, 1, 1, 1, 1, 1, 1, 3, 1, 3, 1, 1,
  1, 1, 1, 1, 1, 1, 1, 3, 1, 1, 1, 1, 1, 1, 1, 1, 1, 1, 1, 1, 1, 3, 1, 3, 1, 1, 1, 1, 1, 1, 1, 1,
  1, 3, 1, 1, 1, 1, 1, 1, 1, 1, 1, 1, 1, 1, 1, 3, 1, 3, 1, 1, 1, 1, 1, 1, 1, 1, 1, 3, 1, 1, 1, 1,
  1, 1, 1, 1, 1, 1, 1, 1, 1, 3, 1, 3, 1, 1, 1, 1, 1, 1, 1, 1, 1, 3, 1, 1, 1, 1, 1, 1, 1, 1, 1, 1,
  1, 1, 1, 3, 1, 3, 1, 1, 1, 1, 1, 1, 1, 1, 1, 3, 1, 1, 1, 1, 1, 1, 1, 1, 1, 1, 1, 1, 1, 3, 1, 3,
  1, 1, 1, 1, 1, 1, 1, 1, 1, 3, 1, 1, 1, 1, 1, 1, 1, 1, 1, 1, 1, 1, 1, 3, 1, 3, 1, 1, 1, 1, 1, 1,
  1, 1, 1, 3, 1, 1, 1, 1, 17, 1, 1, 1, 1, 1, 1, 1, 1, 3, 1, 1, 1, 1, 1, 1, 1, 1, 1, 1, 1, 1, 1, 3,
  1, 3, 1, 1, 1, 1, 1, 1, 1, 1, 1, 3, 1, 1, 1, 1, 1, 1, 1, 1, 1, 1, 1, 1, 1, 3, 1, 3, 1, 1, 1, 1,
  1, 1, 1, 1, 1, 3, 1, 1, 1, 1, 1, 1, 1, 1, 1, 1, 1, 1, 1, 3, 1, 3, 1, 1, 1, 1, 1, 1, 1, 1, 1, 3,
  1, 1, 1, 1, 1, 1, 1, 1, 1, 1, 1, 1, 1, 3, 1, 3, 1, 1, 1, 1, 1, 1, 1, 1, 1, 3, 1, 1, 1, 1, 1, 1,
  1, 1, 1, 1, 1, 1, 1, 3, 1, 3, 1, 1, 1, 1, 1, 1, 1, 1, 1, 3, 1, 1, 1, 1, 1, 1, 1, 1, 1, 1, 1, 1,
  1, 3, 1, 3, 1, 1, 1, 1, 1, 1, 1, 1, 1, 3, 1, 1, 1, 1, 1, 1, 1, 1, 1, 1, 1, 1, 1, 3, 1, 3, 1, 1,
  1, 1, 1, 1, 1, 1, 1, 3, 1, 1, 1, 1, 1, 1, 1, 1, 1, 1, 1, 1, 1, 3, 1, 3, 257, 1, 1, 1, 1, 1, 1, 1,
  1, 1, 1, 1, 1, 1, 1, 1, 1, 1, 1, 1, 1, 1, 1, 1, 1, 1, 1, 1, 1, 1, 1, 1, 1, 1, 1, 1, 1, 1, 1, 1,
  1, 1, 1, 1, 1, 1, 1, 1, 1, 1, 1, 1, 1, 1, 1, 1, 1, 1, 1, 1, 1, 1, 1, 1, 1, 1, 1, 1, 1, 1, 1, 1,
  1, 1, 1, 1, 1, 1, 1, 1, 1, 1, 1, 1, 1, 1, 1, 1, 1, 1, 1, 1, 1, 1, 1, 1, 1, 1, 1, 1, 1, 1, 1, 1,
  1, 1, 1, 1, 1, 1, 1, 1, 1, 1, 1, 1, 1, 1, 1, 1, 1, 1, 1, 1, 1, 1, 1, 1, 1, 1, 1, 1, 1, 1, 1, 1,
  1, 1, 1, 1, 1, 1, 1, 1, 1, 1, 1, 1, 1, 1, 1, 1, 1, 1, 1, 1, 1, 1, 1, 1, 1, 1, 1, 1, 1, 1, 1, 1,
  1, 1, 1, 1, 1, 1, 1, 1, 1, 1, 1, 1, 1, 1, 1, 1, 1, 1, 1, 1, 1, 1, 1, 1, 1, 1, 1, 1, 1, 1, 1, 1,
  1, 1, 1, 1, 1, 1, 1, 1, 1, 1, 1, 1, 1, 1, 1, 1, 1, 1, 1, 1, 1, 1, 1, 1, 1, 1, 579, 255};

#pragma data_seg(".savedNote")
signed char savedNote_1833283520[] = {
  33, -128, 0, -128, 0, -128, 0, -128, 0, -128, 0, -128, 0, -128, 0, -128, 0, -128, 0, -128, 0, -128, 1, -128, 0, -128, -1, -128, 0, -128, 0, -128,
  0, -128, 0, -128, 0, -128, 0, -128, 0, -128, 0, -128, 0, -128, 0, -128, 1, -128, 0, -128, -1, -128, 0, -128, 0, -128, 0, -128, 0, -128, 0, -128,
  0, -128, 0, -128, 0, -128, 0, -128, 0, -128, 1, -128, 0, -128, -1, -128, 0, -128, 0, -128, 0, -128, 0, -128, 0, -128, 0, -128, 0, -128, 0, -128,
  0, -128, 0, -128, -1, -128, 0, -128, 1, -128, 0, -128, 0, -128, 0, -128, 0, -128, 0, -128, 0, -128, 0, -128, 0, -128, 0, -128, 0, -128, 1, -128,
  0, -128, -1, -128, 0, -128, 0, -128, 0, -128, 0, -128, 0, -128, 0, -128, 0, -128, 0, -128, 0, -128, 0, -128, -1, -128, 0, -128, 1, -128, 0, -128,
  0, -128, 0, -128, 0, -128, 0, -128, 0, -128, 0, -128, 0, -128, 0, -128, 0, -128, 1, -128, 0, -128, -1, -128, 0, -128, 0, -128, 0, -128, 0, -128,
  0, -128, 0, -128, 0, -128, 0, -128, 0, -128, 0, -128, -1, -128, 0, -128, 1, -128, 0, -128, 0, -128, 0, -128, 0, -128, 0, -128, 0, -128, 0, -128,
  0, -128, 0, -128, 0, -128, 1, -128, 0, -128, -1, -128, 0, -128, 0, -128, 0, -128, 0, -128, 0, -128, 0, -128, 0, -128, 0, -128, 0, -128, 0, -128,
  -1, -128, 0, -128, 1, -128, 0, -128, 0, -128, 0, -128, 0, -128, 0, -128, 0, -128, 0, -128, 0, -128, 0, -128, 0, -128, 1, -128, 0, -128, -1, -128,
  0, -128, 0, -128, 0, -128, 0, -128, 0, -128, 0, -128, 0, -128, 0, -128, 0, -128, 0, -128, -1, -128, 0, -128, 1, -128, 0, -128, 0, -128, 0, -128,
  0, -128, 0, -128, 0, -128, 0, -128, 0, -128, 0, -128, 0, -128, 1, -128, 0, -128, -1, -128, 0, -128, 0, -128, 0, -128, 0, -128, 0, -128, 0, -128,
  0, -128, 0, -128, 0, -128, 0, -128, -1, -128, 0, -128, 1, -128, 0, -128, 0, -128, 0, -128, 0, -128, 0, -128, 0, -128, 0, -128, 0, -128, 0, -128,
  0, -128, 1, -128, 0, -128, -1, -128, 0, -128, 0, -128, 0, -128, 0, -128, 0, -128, 0, -128, 0, -128, 0, -128, 0, -128, 0, -128, -1, -128, 0, -128,
  1, -128, 0, -128, 0, -128, 0, -128, 0, -128, 0, -128, 0, -128, 0, -128, 0, -128, 0, -128, 0, -128, 1, -128, 0, -128, -1, -128, 0, -128, 0, -128,
  0, -128, 0, -128, 0, -128, 0, -128, -5, -128, 0, -128, 0, -128, 0, -128, 0, -128, 0, -128, 0, -128, 0, -128, 0, -128, 0, -128, 0, -128, 1, -128,
  0, -128, -1, -128, 0, -128, 0, -128, 0, -128, 0, -128, 0, -128, 0, -128, 0, -128, 0, -128, 0, -128, 0, -128, 1, -128, 0, -128, -1, -128, 0, -128,
  0, -128, 0, -128, 0, -128, 0, -128, 0, -128, 0, -128, 0, -128, 0, -128, 0, -128, 1, -128, 0, -128, -1, -128, 0, -128, 0, -128, 0, -128, 0, -128,
  0, -128, 0, -128, 0, -128, 0, -128, 0, -128, 0, -128, 1, -128, 0, -128, 4, -128, 0, -128, 0, -128, 0, -128, 0, -128, 0, -128, 0, -128, 0, -128,
  0, -128, 0, -128, 0, -128, 1, -128, 0, -128, -1, -128, 0, -128, 0, -128, 0, -128, 0, -128, 0, -128, 0, -128, 0, -128, 0, -128, 0, -128, 0, -128,
  -1, -128, 0, -128, 1, -128, 0, -128, 0, -128, 0, -128, 0, -128, 0, -128, 0, -128, 0, -128, 0, -128, 0, -128, 0, -128, 1, -128, 0, -128, -1, -128,
  0, -128, 0, -128, 0, -128, 0, -128, 0, -128, 0, -128, 0, -128, 0, -128, 0, -128, 0, -128, -1, -128, 0, -128, 1, -128, 0, -128, 0, -128, 0, -128,
  0, -128, 0, -128, 0, -128, 0, -128, 0, -128, 0, -128, 0, -128, 0, -128, 0, -128, 0, -128, 0, -128, 0, -128, 0, -128, 0, -128, 0, -128, 0, -128,
  0, -128, 0, -128, 0, -128, 0, -128, 0, -128, 0, -128, 0, -128, 0, -128, 0, -128, 0, -128, 0, -128, 0, -128, -2, -128, 0, -128, 0, -128, 0, -128,
  0, -128, 0, -128, 0, -128, 0, -128, 0, -128, 0, -128, 0, -128, 0, -128, 0, -128, 0, -128, 0, -128, 0, -128, 0, -128, 0, -128, 0, -128, 0, -128,
  0, -128, 0, -128, 0, -128, 0, -128, 0, -128, 0, -128, 0, -128, 0, -128, 0, -128, 0, -128, 0, -128, 0, -128, -2, -128, 0, -128, 0, -128, 0, -128,
  0, -128, 0, -128, 0, -128, 0, -128, 0, -128, 0, -128, 0, -128, 0, -128, 0, -128, 0, -128, 0, -128, 0, -128, 0, -128, 0, -128, 0, -128, 0, -128,
  0, -128, 0, -128, 0, -128, 0, -128, 0, -128, 0, -128, 0, -128, 0, -128, 0, -128, 0, -128, 0, -128, 0, -128, -1, -128, 0, -128, 0, -128, 0, -128,
  0, -128, 0, -128, 0, -128, 0, -128, 0, -128, 0, -128, 0, -128, 0, -128, 0, -128, 0, -128, 0, -128, 0, -128, 0, -128, -128,};


#pragma data_seg(".savedVelocity")
signed char savedVelocity_1833283520[] = {
 127, 0, 0, 0, 0, 0, 0, 0, 0, 0, 0, 0, 0, 0, 0, 0, 0, 0, 0, 0, 0, 0, 0, 0, 0, 0, 0, 0, 0, 0, 0, 0,
 0, 0, 0, 0, 0, 0, 0, 0, 0, 0, 0, 0, 0, 0, 0, 0, 0, 0, 0, 0, 0, 0, 0, 0, 0, 0, 0, 0, 0, 0, 0, 0,
 0, 0, 0, 0, 0, 0, 0, 0, 0, 0, 0, 0, 0, 0, 0, 0, 0, 0, 0, 0, 0, 0, 0, 0, 0, 0, 0, 0, 0, 0, 0, 0,
 0, 0, 0, 0, 0, 0, 0, 0, 0, 0, 0, 0, 0, 0, 0, 0, 0, 0, 0, 0, 0, 0, 0, 0, 0, 0, 0, 0, 0, 0, 0, 0,
 0, 0, 0, 0, 0, 0, 0, 0, 0, 0, 0, 0, 0, 0, 0, 0, 0, 0, 0, 0, 0, 0, 0, 0, 0, 0, 0, 0, 0, 0, 0, 0,
 0, 0, 0, 0, 0, 0, 0, 0, 0, 0, 0, 0, 0, 0, 0, 0, 0, 0, 0, 0, 0, 0, 0, 0, 0, 0, 0, 0, 0, 0, 0, 0,
 0, 0, 0, 0, 0, 0, 0, 0, 0, 0, 0, 0, 0, 0, 0, 0, 0, 0, 0, 0, 0, 0, 0, 0, 0, 0, 0, 0, 0, 0, 0, 0,
 0, 0, 0, 0, 0, 0, 0, 0, 0, 0, 0, 0, 0, 0, 0, 0, 0, 0, 0, 0, 0, 0, 0, 0, 0, 0, 0, 0, 0, 0, 0, 0,
 0, 0, 0, 0, 0, 0, 0, 0, 0, 0, 0, 0, 0, 0, 0, 0, 0, 0, 0, 0, 0, 0, 0, 0, 0, 0, 0, 0, 0, 0, 0, 0,
 0, 0, 0, 0, 0, 0, 0, 0, 0, 0, 0, 0, 0, 0, 0, 0, 0, 0, 0, 0, 0, 0, 0, 0, 0, 0, 0, 0, 0, 0, 0, 0,
 0, 0, 0, 0, 0, 0, 0, 0, 0, 0, 0, 0, 0, 0, 0, 0, 0, 0, 0, 0, 0, 0, 0, 0, 0, 0, 0, 0, 0, 0, 0, 0,
 0, 0, 0, 0, 0, 0, 0, 0, 0, 0, 0, 0, 0, 0, 0, 0, 0, 0, 0, 0, 0, 0, 0, 0, 0, 0, 0, 0, 0, 0, 0, 0,
 0, 0, 0, 0, 0, 0, 0, 0, 0, 0, 0, 0, 0, 0, 0, 0, 0, 0, 0, 0, 0, 0, 0, 0, 0, 0, 0, 0, 0, 0, 0, 0,
 0, 0, 0, 0, 0, 0, 0, 0, 0, 0, 0, 0, 0, 0, 0, 0, 0, 0, 0, 0, 0, 0, 0, 0, 0, 0, 0, 0, 0, 0, 0, 0,
 0, 0, 0, 0, 0, 0, 0, 0, 0, 0, 0, 0, 0, 0, 0, 0, 0, 0, 0, 0, 0, 0, 0, 0, 0, 0, 0, 0, 0, 0, 0, 0,
 0, 0, 0, 0, 0, 0, 0, 0, 0, 0, 0, 0, 0, 0, 0, 0, 0, 0, 0, 0, 0, 0, 0, 0, 0, 0, 0, 0, 0, 0, 0, 0,
 0, 0, 0, 0, 0, 0, 0, 0, 0, 0, 0, 0, 0, 0, 0, 0, 0, 0, 0, 0, 0, 0, 0, 0, 0, 0, 0, 0, 0, 0, 0, 0,
 0, 0, 0, 0, 0, 0, 0, 0, 0, 0, 0, 0, 0, 0, 0, 0, 0, 0, 0, 0, 0, 0, 0, 0, 0, 0, 0, 0, 0, 0, 0, 0,
 0, 0, 0, 0, 0, 0, 0, 0, 0, 0, 0, 0, 0, 0, 0, 0, 0, 0, 0, 0, 0, 0, 0, 0, 0, 0, 0, 0, 0, 0, 0, 0,
 0, 0, 0, 0, 0, 0, 0, 0, 0, 0, 0, 0, 0, 0, 0, 0, 0, 0, 0, 0, 0, 0, 0, 0, 0, 0, 0, 0, 0, 0, 0, 0,
 0, 0, 0, 0, 0, 0, 0, 0, 0, 0, 0, 0, 0, 0, 0, 0, 0, 0, 0, 0, 0, 0, 0, 0, -31, 0, 0, 0, 0, 0, 0, 0,
 0, 0, 0, 0, 0, 0, 0, 0, 0, 0, 0, 0, 0, 0, 0, 0, 0, 0, 0, 0, 0, 0, 0, 0, 0, 0, 0, 0, 0, 0, 0, 0,
 0, 0, 0, 0, 0, 0, 0, 0, 0, 0, 0, 0, 0, 0, 0, 0, 0, 0, 0, 0, 0, 0, 0, 0, 0, 0, 0, 0, 0, 0, 0, 0,
 0, 0, 0, 0, 0, 0, 0, 0, 0, 0, 0, 0, 0, 0, 0, 0, 0, 0, 0, 0, 0, 0, 0, 0, 0, 0, 0, 0, 0, 0, 0, 0,
 0, 0, 0, 0, 0, 0, 0, 0, 0, 0, 0, 0, 0, 0, 0, 0, 0, 0, 0, 0, 0, 0, 0, 0, 0, 0, 0, 0, 0, 0, 0, 0,
 0, 0, 0, 0, 0, 0, 0, 0, 0, 0, 0, 0, 0, 0, 0, 0, 0, 0, 0, 0, 0, 0, 0, 0, 0, 0, 0, 0, 0, 0, 0, 0,
 0, 0, 0, 0, 0, 0, 0, 0, 0, 0, 0, 0, 0, 0, 0, 0, 0, 0, 0, 0, 0, 0, 0, 0, 0, 0, 0, 0, 0, 0, 0, 0,
 0, 0, 0, 0, 0, 0, 0, 0, 0, 0, 0, 0, 0, 0, 0, 0, 0, 0, 0, 0, 0, 0, 0, 0, 0, 0, 0,};

 #endif