#ifndef F_MASTER_VOLUME
#define K_VOLUME               0
#define K_QUAK                 4
#define K_DISTORT              8
#define K_NOISE               12
#define K_DETUNE              16
#define K_FREQ                20
#define K_SHAPE               24
#define K_ADSR_SPEED          28
#define K_DELAY_FEED          31
#define K_DELAY_LENGTH        32
#define F_MASTER_VOLUME       33
#define K_MASTER_PANNING      34
#endif

//#pragma data_seg(".instrumentParams")
//unsigned char instrumentParams_659984448[] = {
//  56, 128, 27, 0,  12, 32, 22, 0,  83, 79, 22, 0,  0, 0, 0, 0,  1, 1, 0, 0,  32, 32, 32, 32,  0, 2, 6, 3,  59, 50, 18,  82,  80,  42,  65
//};

#define NUM_NOTES_659984448 238

#pragma data_seg(".savedNoteTime_659984448")
unsigned short savedNoteTime_659984448[] = {
  0, 18, 9, 9, 6, 24, 9, 21, 27, 21, 18, 24, 6, 18, 18, 30, 18, 6, 6, 18, 9, 9, 12, 48, 18, 9, 9, 6, 24, 9, 21, 27,
  21, 18, 24, 6, 18, 18, 30, 18, 6, 6, 18, 9, 9, 12, 41, 64, 6, 6, 8, 4, 4, 4, 6, 6, 8, 4, 4, 4, 6, 6, 8, 4,
  4, 4, 6, 6, 8, 4, 4, 4, 6, 6, 8, 4, 4, 4, 6, 6, 8, 4, 4, 4, 6, 6, 8, 4, 4, 4, 6, 6, 8, 4, 4, 4,
  6, 6, 8, 4, 4, 4, 6, 6, 8, 4, 4, 4, 6, 6, 8, 4, 4, 4, 6, 6, 8, 4, 4, 4, 6, 6, 8, 4, 4, 4, 6, 6,
  8, 4, 4, 4, 6, 6, 8, 4, 4, 4, 6, 6, 4, 16, 6, 6, 8, 4, 4, 4, 6, 6, 8, 4, 4, 4, 6, 6, 8, 4, 4, 4,
  6, 6, 8, 4, 4, 4, 128, 12, 6, 6, 4, 16, 6, 14, 18, 14, 12, 16, 4, 12, 12, 20, 12, 4, 4, 12, 6, 6, 8, 32, 12, 6,
  6, 4, 16, 6, 14, 18, 14, 12, 16, 4, 12, 12, 20, 12, 4, 4, 12, 6, 6, 8, 1, 31, 12, 6, 6, 4, 16, 6, 14, 18, 14, 12,
  16, 4, 12, 12, 20, 12, 4, 4, 12, 6, 6, 8, 32, 292, 255};

#pragma data_seg(".savedNote_659984448")
signed char savedNote_659984448[] = {
  76, 8, 7, -10, 3, -3, 10, -15, 15, -15, 15, 0, -10, 8, -12, 12, 4, -2, -7, -8, 0, 4, 0, -4, 8, 7, -10, 3, -3, 10, -15, 15,
  -15, 15, 0, -10, 8, -12, 12, 4, -2, -7, -8, 0, 4, 0, -128, 1, 0, -5, 5, 0, 0, 0, 0, 1, -1, 0, 0, 0, 0, -5, 5, 0,
  0, 0, 0, 1, -1, 0, 0, 0, 0, -5, 5, 0, 0, 0, 0, 1, -1, 0, 0, 0, 0, -5, 5, 0, 0, 0, 0, 1, -1, 0, 0, 0,
  0, -5, 5, 0, 0, 0, 0, 1, -1, 0, 0, 0, 0, -5, 5, 0, 0, 0, 0, 1, -1, 0, 0, 0, 0, -5, 5, 0, 0, 0, 0, 1,
  -1, 0, 0, 0, 0, -5, 5, 0, 0, 0, 0, 1, -128, -6, 0, 0, 1, 0, 0, -1, 0, 0, 1, 0, 0, -1, 0, 0, 1, 0, 0, -1,
  0, 0, 1, 0, 0, -128, -1, 8, 7, -10, 3, -3, 10, -15, 15, -15, 15, 0, -10, 8, -12, 12, 4, -2, -7, -8, 0, 4, 0, -4, 8, 7,
  -10, 3, -3, 10, -15, 15, -15, 15, 0, -10, 8, -12, 12, 4, -2, -7, -8, 0, 4, 0, -128, -4, 8, 7, -10, 3, -3, 10, -15, 15, -15, 15,
  0, -10, 8, -12, 12, 4, -2, -7, -8, 0, 4, 0, -128, -128,};

#pragma data_seg(".savedVelocity_659984448")
signed char savedVelocity_659984448[] = {
 127, 0, -63, 0, 63, 0, 0, 0, 0, 0, -31, 31, 0, -31, 31, 0, 0, 0, 0, -31, 31, 0, 0, 0, 0, -63, 0, 63, 0, 0, 0, 0,
 0, -31, 31, 0, -31, 31, 0, 0, 0, 0, -31, 31, 0, 0, 0, 0, 0, 0, 0, 0, 0, 0, 0, 0, 0, 0, 0, 0, 0, 0, 0, 0,
 0, 0, 0, 0, 0, 0, 0, 0, 0, 0, 0, 0, 0, 0, 0, 0, 0, 0, 0, 0, 0, 0, 0, 0, 0, 0, 0, 0, 0, 0, 0, 0,
 0, 0, 0, 0, 0, 0, 0, 0, 0, 0, 0, 0, 0, 0, 0, 0, 0, 0, 0, 0, 0, 0, 0, 0, 0, 0, 0, 0, 0, 0, 0, 0,
 0, 0, 0, 0, 0, 0, 0, 0, 0, 0, 0, 0, 0, 0, 0, 0, 0, 0, 0, 0, 0, 0, 0, 0, 0, 0, 0, 0, 0, 0, 0, 0,
 0, 0, 0, 0, 0, 0, 0, 0, -63, 0, 63, 0, 0, 0, 0, 0, -31, 31, 0, -31, 31, 0, 0, 0, 0, -31, 31, 0, 0, 0, 0, -63,
 0, 63, 0, 0, 0, 0, 0, -31, 31, 0, -31, 31, 0, 0, 0, 0, -31, 31, 0, 0, 0, 0, 0, -63, 0, 63, 0, 0, 0, 0, 0, -31,
 31, 0, -31, 31, 0, 0, 0, 0, -31, 31, 0, 0, 0, 0,};

