#ifndef F_MASTER_VOLUME
#define K_VOLUME               0
#define K_QUAK                 4
#define K_DISTORT              8
#define K_NOISE               12
#define K_DETUNE              16
#define K_FREQ                20
#define K_SHAPE               24
#define K_ADSR_SPEED          28
#define K_DELAY_FEED          31
#define K_DELAY_LENGTH        32
#define F_MASTER_VOLUME       33
#define K_MASTER_PANNING      34
#endif

//#pragma data_seg(".instrumentParams")
//unsigned char instrumentParams_576204736[] = {
//  46, 45, 0, 0,  128, 128, 128, 128,  47, 82, 128, 76,  128, 128, 128, 128,  18, 63, 42, 20,  128, 128, 128, 128,  100, 92, 127, 127,  120, 19, 35,  49,  9,  128,  65
//};

#define NUM_NOTES_576204736 322
#if 0
#pragma data_seg(".savedNoteTime")
unsigned short savedNoteTime_576204736[] = {
  360, 6, 6, 6, 3, 3, 6, 6, 6, 6, 6, 6, 6, 6, 6, 6, 6, 6, 6, 6, 6, 6, 6, 6, 6, 6, 6, 6, 6, 6, 6, 6,
  6, 6, 6, 6, 6, 6, 6, 6, 6, 6, 6, 6, 6, 6, 6, 6, 6, 6, 6, 6, 6, 6, 6, 6, 6, 6, 6, 6, 6, 6, 6, 6,
  6, 6, 4, 4, 4, 4, 1, 68, 4, 4, 8, 4, 4, 8, 4, 4, 8, 4, 4, 2, 6, 4, 4, 8, 4, 4, 8, 4, 4, 8, 4, 4,
  2, 6, 4, 4, 8, 4, 4, 8, 4, 4, 8, 4, 4, 2, 6, 4, 4, 8, 4, 4, 8, 4, 4, 8, 4, 4, 2, 6, 4, 4, 8, 4,
  4, 8, 4, 4, 8, 4, 4, 2, 6, 4, 4, 8, 4, 4, 8, 4, 4, 8, 4, 4, 2, 6, 4, 4, 8, 4, 4, 8, 4, 4, 8, 4,
  4, 2, 6, 4, 4, 8, 4, 4, 8, 4, 4, 3, 21, 4, 4, 8, 4, 4, 8, 4, 4, 8, 4, 4, 2, 6, 4, 4, 8, 4, 4, 8,
  4, 4, 8, 4, 4, 2, 6, 4, 4, 8, 4, 4, 8, 4, 4, 8, 4, 4, 2, 6, 4, 4, 8, 4, 4, 8, 4, 4, 8, 4, 4, 2,
  6, 4, 4, 8, 4, 4, 8, 4, 4, 8, 4, 4, 2, 6, 4, 4, 8, 4, 4, 8, 4, 4, 8, 4, 4, 2, 6, 4, 4, 8, 4, 4,
  8, 4, 4, 8, 4, 4, 2, 6, 4, 4, 8, 4, 4, 8, 4, 4, 8, 4, 4, 8, 4, 4, 8, 4, 4, 8, 4, 4, 8, 4, 4, 2,
  6, 4, 4, 8, 4, 4, 8, 4, 4, 8, 4, 4, 2, 6, 4, 4, 8, 4, 4, 8, 4, 4, 8, 4, 4, 2, 6, 4, 4, 8, 4, 4,
  36, 548, 255};

#pragma data_seg(".savedNote")
signed char savedNote_576204736[] = {
  52, 0, 0, 0, 0, 0, 0, 0, 0, 0, 0, 0, 0, 0, 0, 0, 0, 0, 0, 0, 0, 0, 0, 0, 0, 0, 0, 0, 0, 0, 0, 0,
  0, 0, 0, 0, 0, 0, 0, 0, 0, 0, 0, 0, 0, 0, 0, 0, 0, 0, 0, 0, 0, 0, 0, 0, 0, 0, 0, 0, 0, 0, 0, 0,
  0, 0, 0, 0, 0, 0, -128, 20, -128, 0, 0, -128, 0, 0, -128, 0, 0, -128, 0, -128, 0, -128, 0, 0, -128, 0, 0, -128, 0, 0, -128, 0,
  -128, 0, -128, 0, 0, -128, 0, 0, -128, 0, 0, -128, 0, -128, 0, -128, 0, 0, -128, 0, 0, -128, 0, 0, -128, 0, -128, 0, -128, 0, 0, -128,
  0, 0, -128, 0, 0, -128, 0, -128, 0, -128, 0, 0, -128, 0, 0, -128, 0, 0, -128, 0, -128, 0, -128, 0, 0, -128, 0, 0, -128, 0, 0, -128,
  0, -128, 0, -128, 0, 0, -128, 0, 0, -128, 0, -128, 0, -128, 0, 0, -128, 0, 0, -128, 0, 0, -128, 0, -128, 0, -128, 0, 0, -128, 0, 0,
  -128, 0, 0, -128, 0, -128, 0, -128, 0, 0, -128, 0, 0, -128, 0, 0, -128, 0, -128, 0, -128, 0, 0, -128, 0, 0, -128, 0, 0, -128, 0, -128,
  0, -128, 0, 0, -128, 0, 0, -128, 0, 0, -128, 0, -128, 0, -128, 0, 0, -128, 0, 0, -128, 0, 0, -128, 0, -128, 0, -128, 0, 0, -128, 0,
  0, -128, 0, 0, -128, 0, -128, 0, -128, 0, 0, -128, 0, 0, -128, 0, 0, -128, 0, 0, -128, 0, 0, -128, 0, 0, -128, 0, 0, -128, 0, -128,
  0, -128, 0, 0, -128, 0, 0, -128, 0, 0, -128, 0, -128, 0, -128, 0, 0, -128, 0, 0, -128, 0, 0, -128, 0, -128, 0, -128, 0, 0, -128, 0,
  -128, -128,};

  
#pragma data_seg(".savedVelocity")
signed char savedVelocity_576204736[] = {
 127, 0, 0, 0, 0, 0, 0, 0, 0, 0, 0, 0, 0, 0, 0, 0, 0, 0, 0, 0, 0, 0, 0, 0, 0, 0, 0, 0, 0, 0, 0, 0,
 0, 0, 0, 0, 0, 0, 0, 0, 0, 0, 0, 0, 0, 0, 0, 0, 0, 0, 0, 0, 0, 0, 0, 0, 0, 0, 0, 0, 0, 0, 0, 0,
 0, 0, 0, 0, 0, 0, 0, 0, 0, 0, 0, 0, 0, 0, 0, 0, 0, 0, 0, 0, 0, 0, 0, 0, 0, 0, 0, 0, 0, 0, 0, 0,
 0, 0, 0, 0, 0, 0, 0, 0, 0, 0, 0, 0, 0, 0, 0, 0, 0, 0, 0, 0, 0, 0, 0, 0, 0, 0, 0, 0, 0, 0, 0, 0,
 0, 0, 0, 0, 0, 0, 0, 0, 0, 0, 0, 0, 0, 0, 0, 0, 0, 0, 0, 0, 0, 0, 0, 0, 0, 0, 0, 0, 0, 0, 0, 0,
 0, 0, 0, 0, 0, 0, 0, 0, 0, 0, 0, 0, 0, 0, 0, 0, 0, 0, 0, 0, 0, 0, 0, 0, 0, 0, 0, 0, 0, 0, 0, 0,
 0, 0, 0, 0, 0, 0, 0, 0, 0, 0, 0, 0, 0, 0, 0, 0, 0, 0, 0, 0, 0, 0, 0, 0, 0, 0, 0, 0, 0, 0, 0, 0,
 0, 0, 0, 0, 0, 0, 0, 0, 0, 0, 0, 0, 0, 0, 0, 0, 0, 0, 0, 0, 0, 0, 0, 0, 0, 0, 0, 0, 0, 0, 0, 0,
 0, 0, 0, 0, 0, 0, 0, 0, 0, 0, 0, 0, 0, 0, 0, 0, 0, 0, 0, 0, 0, 0, 0, 0, 0, 0, 0, 0, 0, 0, 0, 0,
 0, 0, 0, 0, 0, 0, 0, 0, 0, 0, 0, 0, 0, 0, 0, 0, 0, 0, 0, 0, 0, 0, 0, 0, 0, 0, 0, 0, 0, 0, 0, 0,
 0, 0,};
 #endif
