52 13479 1
48 8381 0
48 28886 1
48 20602 1
96 18337 1
92 0 0

15 20343 3
17 21090 3

4 -11629 1
4 -11194 1
4 -11016 1
4 -9424 1
4 6812 1
4 6988 1
4 7056 1
4 7552 1
4 7616 1
4 7937 1
4 8300 1
4 8696 1
4 9013 1
4 19900 1
4 10202 1
7 10590 1

8 10967 1
8 11142 1
8 12279 1
8 15104 1
8 15227 1
8 15359 1
8 15367 1
8 17002 1
8 17319 1
8 18626 1
8 18827 1
8 18950 1
8 20516 1
8 19767 1
8 19827 1
8 21027 1

8 -13782 1
8 -13774 1
8 -13772 1
8 -13771 1
8 -13708 1
11 -13074 1
8 -12123 7
16 -12572 1
16 -12522 1
16 -12326 1
16 -12257 1
16 -11128 0
16 24374 0
16 24428 0
16 24065 0
32 -11765 0
32 -14036 0
64 7988 0
32 8698 0
32 23369 1
49 18020 0

1 -12205 1
1 -11774 1
1 -11629 1
1 -11511 1
1 -11194 1
1 -11134 1
1 -11016 1
8 -12123 10

64 20849 1
32 22174 1
32 19902 1
32 16216 1
255 20221 1
	






1 -10877 1
1 -9820 1
1 -9749 1
1 -9571 1
1 -9561 1
1 -9424 1
1 6812 1
1 6813 1
1 7056 1




100 0 0  // Not thaaaaat good...
32 -9255 0



100 0 0 // brown
16 -11128 0
16 18019 0
16 24370 0
16 24374 0
16 24428 0

16 24438 0

16 24065 0


16 19589 0
16 20296 0
16 22412 0
16 24419 0


1 0 0 // Fly-by
-11495
-9737
9089
13802
17640
20225
20925
22175
23194
24571




1 0 0 // seeds 8
16 6813 1
16 7763 1
16 7928 1
16 8565 1
16 9129 1
16 10008 1
16 10258 1
16 10642 1
16 10890 1
16 11202 1
16 13724 1
16 14731 1
16 15922 1
16 15993 1
16 17179 1
16 17269 1
16 17313 1
16 17321 1
16 17750 1
16 17941 1
16 18439 1
16 18452 1
16 18754 1
16 18805 1
16 18816 1
16 19073 1
16 19446 1
	16 11280 1
	16 8379 1
	16 8629 1
	16 10579 1
20 19829 1
20 19904 1
20 20215 1
20 20223 1
20 20263 1
20 20277 1
20 20469 1
20 20519 1
20 20592 1
20 21021 1
20 21029 1
20 21148 1
20 21723 1
20 22470 1
20 22529 1
20 23292 1
20 23981 1
20 23992 1
20 24227 1
20 24234 1
20 24372 1




1 0 0 // Explode
32 20338 0
16 -12462 0
16 20342 0
16 20341 0
20343
21090
22217
24222









1 0 0 // Beginning
48 16216 1
48 18425 1
48 19902 1
48 20221 1
48 20849 1
48 22174 1
48 22490 1
48 -12274 1