-2275
-6930
13865
-16094
6733
6734
6735
6739
6740
6753
6758
6791
6809
6810
6812
6813
6868
6910
6914
6917
6933
6971
6973
6974
6977
6980
6981
6983
6985
6988
6988
7044
7045
7047
7048
7050
7052
7056
7058
7064
7122
7123
7171
7201
7202
7216
7239
7241
7281
7289
7291
7294
7308
7313
7359
7362
7362
7379
7436
7436
7444
7446
7518
7552
7594
7597
7603
7607
7614
7616
7673
7674
7675
7679
7680
7737
7750
7752
7753
7758
7763
7829
7907
7909
7910
7912
7914
7917
7928
7931
7937
7985
7985
7986
7987
7988
7992
8006
8063
8064
8065
8066
8066
8070
8116
8125
8142
8143
8144
8177
8220
8221
8225
8229
8231
8234
8235
8248
8298
8299
8300
8302
8304
8327
8378
8379
8380
8381
8455
8534
8540
8542
8554
8556
8562
8565
8570
8612
8612
8613
8615
8617
8619
8625
8629
8633
8677
8690
8692
8693
8696
8698
