52 13479 1
48 8381 0
48 28886 1
48 20602 1
96 18337 1
92 0 0
15 20343 3
17 21090 3
4 -11629 1
4 -11194 1
4 -11016 1
4 -9424 1
4 6812 1
4 6988 1
4 7056 1
4 7552 1
4 7616 1
4 7937 1
4 8300 1
4 8696 1
4 9013 1
4 19900 1
4 10202 1
7 10590 1
8 10967 1
8 11142 1
8 12279 1
8 15104 1
8 15227 1
8 15359 1
8 15367 1
8 17002 1
8 17319 1
8 18626 1
8 18827 1
8 18950 1
8 20516 1
8 19767 1
8 19827 1
8 21027 1
8 -13782 1
8 -13774 1
8 -13772 1
8 -13771 1
8 -13708 1
11 -13074 1
8 -12123 7
16 -12572 1
16 -12522 1
16 -12326 1
16 -12257 1
16 -11128 0
16 24374 0
16 24428 0
16 24065 0
32 -11765 0
32 -14036 0
64 7988 0
32 8698 0
32 23369 1
49 18020 0
1 -12205 1
1 -11774 1
1 -11629 1
1 -11511 1
1 -11194 1
1 -11134 1
1 -11016 1
8 -12123 10
64 20849 1
32 22174 1
32 19902 1
32 16216 1
255 20221 1